-6.456365232149052247e+01 2.472288297137478352e+01 7.800646944718212694e+01
5.056620962494162086e+01 9.875896319380362343e+01 3.310819390430064573e+02
1.902045553973029541e+02 -7.122761934031632336e+01 3.721632012985545543e+02
-1.048491528419639529e+01 4.112869656899299287e+01 1.098524495062668791e+02
1.456707410518137635e+02 2.175546855025013713e+02 7.780339905581891458e+01
2.750193005765744374e+02 4.845180110551481789e+01 3.155054989396099927e+02
2.798711333283280212e+01 1.124766820045356042e+01 1.140423590986898432e+02
-5.334618824642376467e+00 1.770489057060037510e+02 3.079723750763794214e+02
-6.714825950893853701e+01 1.539324002993260194e+02 3.809157326672782347e+02
1.891561441514115245e+02 2.945644811746092273e+00 3.913902763214038600e+02
1.786839450947784371e+02 -6.041795208349364543e+01 2.376472641381445783e+02
-2.731480294337578698e+02 2.199385834918682647e+01 3.523861420915203553e+02
-3.080414517334791071e+02 1.249736268404209341e+02 2.880509203928292550e+02
-6.951346018873788069e+01 1.436188198673494298e+02 3.843290138565754432e+02
1.793576208626533912e+02 1.934909445158388621e+02 3.139737221192163474e+00
1.897955832720299441e+02 1.706098152679532518e+02 3.265623301031608321e+02
-2.633702168970451112e+02 1.778316344299677496e+02 2.880956944186735313e+02
-2.358986162362750179e+02 2.460123739509666621e+02 3.097322107350339024e+02
-1.608621814197186950e+01 1.782156236455749081e+02 3.772449632612829760e+02
1.470731281548590346e+02 1.614348684930398008e+02 3.586301596303061388e+02
3.190998061059894653e+01 5.311830589527915691e+01 9.129323082723428229e+01
-2.746760577505967262e+02 1.731227098624604253e+02 2.877837866701487428e+02
-2.257196814552759747e+02 2.481787448884785192e+02 3.041223206640271997e+02
-7.565986785749605303e+01 3.037194664049837911e+01 9.425094530997111519e+01
1.401650263032847192e+02 1.529998549739183602e+02 1.759660743365123210e+02
4.158492315379304216e+01 3.195818022113665080e+01 7.524187845984909018e+01
-8.053857075309070979e+01 2.395431845348702495e+02 2.830246719533534474e+02
-5.355782283411981837e+01 5.706696232455321649e+01 8.585914203626401786e+01
-1.831032575022842224e+01 1.832677594715042915e+02 3.720304350752879827e+02
2.378371698406413088e+02 7.153913331261139774e+01 3.203895281263090311e+01
-2.244002430297388742e+02 -9.563173237773949609e+01 -5.956058761872866825e+01
-5.526155042948829532e+01 5.464034145001061660e+01 9.259759026091808209e+01
-6.648336893041025064e+01 5.545346037095357872e+01 8.750428675050125094e+01
2.750550431142206520e+01 5.040328142492788288e+01 9.097005254015340370e+01
1.376462224861492700e+02 1.274783839953109634e+02 3.769399011121647050e+02
1.523876221754855180e+02 1.082140508549815650e+02 3.800204198075238651e+02
-2.528205677105708560e+01 5.021390588285654388e+01 1.007799915760232636e+02
-5.584827458419863433e+01 5.516373421151269696e+01 8.541768108499991285e+01
1.167066408186717723e+02 8.231122869542926423e+01 4.001638113597789470e+02
2.508613118463308638e+02 2.515150840454281678e+01 3.832763928398677677e+01
1.865180857256534068e+02 4.743380969047473172e+01 3.860346981988872130e+02
-4.832703953331394331e+01 4.877498423065030408e+01 9.233895650051428561e+01
-1.569074502782844434e+02 2.039217959548120689e+02 3.337095428774144921e+02
2.731553966279633983e+01 3.607626906749557349e+01 6.329205237001298201e+01
2.434295658753233624e+02 4.396865781464266121e+01 4.743657834409087570e+01
3.529674096527350002e+01 1.863969677696574934e+01 5.884478820687586165e+01
-2.117720888426840133e+02 1.450522744910241215e+02 3.425038083401452695e+02
-3.842246849625078653e+01 5.140509213393035282e+01 8.999146304227167548e+01
4.005355234960324395e+01 3.175690539478810948e+01 6.055486878567177911e+01
2.420093793813180127e+02 6.905067203727483616e+01 1.393723868221397311e+01
3.127493496539937823e+01 2.982756155764093364e+01 7.863961073062347396e+01
-2.467919944926725861e+01 5.321746074865736631e+01 8.145226886389818333e+01
-2.486765986815757046e+01 5.391084679111617106e+01 8.314203776449892302e+01
2.066639031864689713e+01 2.798782031986923613e+01 6.340278890480802687e+01
1.624024893569919641e+02 1.138545221700941568e+02 3.732063835406651151e+02
1.528906325464976668e+01 4.389814108966758965e+01 7.009800035051264899e+01
1.047631936788420148e+01 4.437642689858774503e+01 7.006730098985197230e+01
-1.853645542672372315e+01 4.598785067257925618e+01 8.893592623456862611e+01
3.067467902128098345e+01 3.815309183743936217e+01 6.089596994193986035e+01
3.069617594836826058e+01 3.671884858650351191e+01 5.810226267707785297e+01
3.418723743323575093e+01 -1.877644676583674510e+01 9.379537099457441229e+01
-9.423877888129089797e+01 -2.133975347770793860e+02 4.092604613121729926e+02
6.701289377352690479e+00 1.185837083570421413e+01 9.047718783124403785e+01
1.080432915742997579e+02 2.338163931511738554e+02 1.050601030158543665e+02
-2.379744038311234533e+01 -3.883192733854127709e+01 4.357034665948183942e+02
-4.047732262292984728e+01 -5.057616048940924713e+01 4.355260107796261764e+02
7.274348459103839559e+01 2.259422931954105707e+02 1.693254694104903706e+02
9.355950307243443831e+01 2.399935401927932048e+02 1.170953809838743638e+02
1.440718775524705109e+01 1.926641384366484999e+01 4.282246599426238163e+02
1.661054662888568032e+02 -5.956365416131464485e+01 2.463037164518941040e+02
9.159041280800823870e+01 8.469852527471854842e+01 2.750713914042485158e+02
4.958130146607481947e+01 2.167418751758150393e+02 2.056936676091036134e+02
4.710254696829382581e+00 4.210356855005535692e+01 6.376732368385723504e+01
-7.825007660862304704e+00 -1.147527015955432717e+01 8.641960995247190169e+01
-7.279033325516085284e+00 -1.101065219964765518e+01 8.034950145616278405e+01
-6.318759286248214835e+01 1.456543055489647713e+02 3.821751549329012505e+02
6.644578399579813777e+01 2.505385760390138898e+02 1.398612684592547737e+02
-4.242042717678590691e+01 -9.423476556335187126e+01 4.328529420616134757e+02
1.218072543394736158e+02 -4.284518816778893324e+01 2.916645499726993762e+02
6.013780936279778189e+01 2.616996530640036553e+02 1.289365788501236807e+02
-5.208817729576863798e+01 2.081636281260591090e+02 3.453671994253235766e+02
6.749945115020421937e+00 2.956828605632427553e+01 6.906700484260018413e+01
-2.067174233211711254e+01 -9.572025095744419332e+01 -9.003517337597284609e+01
-2.051609111251173800e+01 -2.780276904730813126e+00 4.937574419580803209e+01
-1.202433761297519226e+02 1.474785443971999257e+02 3.353350602804497953e+02
-1.420939109466257122e+01 3.047408850721573259e+01 4.705639544631399929e+01
2.339117584098983471e+01 -1.709317220522346759e+01 5.842591578163416699e+01
2.252636797367851429e+01 -1.659634869040753813e+01 4.975364761896316423e+01
1.496326048582266566e+01 1.502247562211143528e+00 8.630490139772422253e+01
-6.003053380802866457e+01 1.229921714619196109e+02 3.570944586149772704e+02
2.108696855876667087e+01 -1.016016259054718418e+01 8.796430700747671949e+01
1.819266663822741847e+01 -1.523371694959332601e+01 5.570129264648039680e+01
2.689934495090388822e+01 -1.637975398478050693e+01 6.850966408744224623e+01
-1.685533319297477988e+02 1.545023624983506920e+02 3.160562272978005467e+02
-2.301710538840870157e+01 2.915258200775551245e+01 4.024658571648161853e+01
-2.249817313790829303e+02 -1.443656744399960417e+02 3.644302306955611925e+02
1.401241744595779437e+01 4.126171849484896370e+01 3.485817881954303061e+02
-2.838912092604832651e+02 -4.577377630608039993e+01 3.329895630444726748e+02
-7.215643257088331097e+00 8.790788971776987637e+01 3.846567070568048052e+02
-2.395857403891353243e+01 1.709313519548497879e+02 3.441755804477387528e+02
7.929271896653025564e+00 1.864108749470614157e+01 7.707994198182463208e+01
-1.386173140030300601e+02 -2.149779783701960412e+02 3.856371359293937644e+02
-2.138007459235951444e+02 -3.574961161171233925e+02 2.905476785164080411e+02
-9.739445784836377129e+00 -1.139555194567890339e+01 9.935819151699681129e+01
-1.904736652088834603e+01 1.841010899578110127e+02 3.359198071949281257e+02
4.723868280476574810e+00 -3.024985269005725996e+01 9.889410106279251522e+01
-1.464125538002471671e+02 -3.000013908259084019e+02 3.517680303661175572e+02
1.127957658523733357e+02 7.259852998613834529e+01 2.620868930514142789e+02
2.186482752414896424e+01 1.727020539590017734e+01 7.498072228779224702e+01
-3.532467476542507256e+01 -1.048351922176842947e+02 4.152899022294807310e+02
-3.961914934708292435e+01 -1.738813620021044812e+02 3.932729005023322770e+02
-5.212334049186665652e+01 -1.831546730043692435e+02 3.964631211690979171e+02
7.407657565252144138e+00 1.546079904431521790e+01 8.168042827002400941e+01
4.413768386296400337e+00 2.927563543820848224e+01 6.781797827923190880e+01
5.700275138058792379e+00 3.110718404079084820e+01 6.911804911858035894e+01
9.297430588440681731e+01 -5.721296935259110228e+01 3.208375321197506764e+02
-3.211801967007374401e+02 -2.923786997835854322e+02 2.584437087156017014e+02
-6.042517132235307287e+01 -5.868780787011401934e+00 6.308882862207689612e+01
1.469672037646548723e+01 1.383425137758825940e+01 9.940367644591476903e+01
1.241565632627478166e+01 1.227063950775695389e+01 9.219040838210830202e+01
1.236076409833838241e+01 1.331819191955547588e+01 9.266430899579884795e+01
8.796700360923718875e+00 1.401932026032967826e+01 9.789082920631126683e+01
-4.303416170056453325e+02 -1.870648094302330833e+01 1.944200867158228334e+02
-8.583452116390326125e+01 1.024651892826812016e+01 7.204413366051298340e+01
1.452743777342301428e+02 -2.544029603283453866e+01 4.071412748707317633e+02
-1.284630765935415297e+01 -1.512706419673855009e+02 4.279875946055633449e+02
-7.445152079144966706e+01 1.620697801946290539e+01 6.909861837718449351e+01
-8.069449606043687595e+01 1.722954291872792965e+01 6.863709830715137628e+01
1.189097458547248891e+02 -7.694138001516850522e+01 4.177500508298667796e+02
-2.225139531143608735e+02 -9.859668658553354703e+01 -6.323986537334804581e+01
-1.658207070402083616e+02 6.819984463277944542e+01 3.880671581472406615e+02
-6.554943811881497595e+01 3.621614569181740251e+01 7.455651465442483072e+01
-3.592331657000734424e+01 3.552040338037200229e+01 9.126860841952483838e+01
1.402397722945361807e+02 1.329714229992486594e+02 3.603710851954560894e+02
1.305233735888821798e+02 1.284208287818449321e+02 3.664630045073789120e+02
-5.311404670086554347e+01 4.136395389010886703e+01 8.244820281384143357e+01
-5.517588862924691284e+01 4.255398541755616293e+01 8.643182547433977447e+01
5.595423840942589777e+01 4.875781767813460021e+01 8.917657142740509357e+01
1.685104339233122914e+02 1.306341807323315436e+02 3.523347573977371781e+02
-1.433871398142796352e+02 1.757640276131957364e+02 3.445571240648788489e+02
-3.639625841897161251e+01 5.166151978509401488e+01 7.738923965591746423e+01
-1.286506392112057284e+01 1.692951669611679790e+02 3.691920024383733221e+02
3.930676346262612242e+01 5.124033630289885366e+01 7.828576833315887029e+01
-1.541592206490261496e+01 5.590273616070675189e+01 8.604027784283036340e+01
-5.773070805207493095e+01 4.649386677420534397e+01 7.438357991847841788e+01
-5.995211235458768328e+01 2.114721521771020321e+02 2.942995143290098099e+02
1.500456009363649628e+02 1.622444289592889390e+02 1.449549489505356235e+02
1.721445967676417865e+01 4.308431054040671881e+01 9.881980132391481675e+01
-2.550406599217836856e+01 4.811385459398439934e+01 8.783007534266079119e+01
-4.241145040701845659e+01 4.775558990508415036e+01 8.981508041041902857e+01
-3.860735983996939069e-01 4.188416429312003686e+01 9.219794001326226862e+01
2.449436380318325490e+01 3.839834578576318336e+01 9.102355034181118754e+01
2.437847809302511237e+01 3.823735027577244239e+01 9.128575793711539177e+01
-5.672721233676857366e+01 3.571505062215342718e+01 8.581160719872522691e+01
-5.724074147087659270e+01 3.427733504036103795e+01 8.590553903470396335e+01
-1.169249801496409873e+02 1.494720356639839736e+02 3.666927496476769761e+02
1.182940161908041077e+01 4.763173805018195139e+01 7.857283097096170366e+01
1.113605509651175041e+01 4.989344634821000568e+01 8.513468106519502498e+01
-2.887341701852406572e+01 1.834586961223976118e+02 3.604566960258277959e+02
-5.358198556968246606e+01 4.683650903159383461e+01 7.953484663793078369e+01
-2.520150594019626169e+02 1.313875220382912516e+02 3.186293264821881621e+02
-7.360255770688890919e+00 5.127518095300898437e+01 8.235781804073580759e+01
-2.453825700796861042e+01 1.813730669297381439e+02 3.616938684461086950e+02
-5.688513397033284491e+01 2.538755924863518771e+02 2.510766366533494534e+02
-8.609927529583976025e+01 3.687244005833768767e+01 7.229422801178685631e+01
-3.259647393657788257e+02 1.345585998446047711e+02 3.675075130695219059e+02
-1.759829996489222736e+01 3.967306466443336888e+01 9.717504895668437825e+01
-5.661450018937435402e+01 1.412558465163024266e+02 3.810851180776656975e+02
-9.617130162394971649e+01 2.321463881266854230e+02 2.905248518968920166e+02
-4.847680631204664081e+01 4.517514136564670935e+01 8.187314873080816824e+01
-2.350944541408342161e+02 1.357486801249495443e+02 3.264201589437141706e+02
6.642348805497681496e+01 1.409075277839790488e+02 3.770659314058461291e+02
8.884541068525788887e+01 2.124533008126359732e+02 1.746754783980118191e+02
-1.727854194866066564e+02 1.134423438997467031e+02 3.663436075980465603e+02
-5.972034553785253763e+01 3.815116504872852943e+01 8.625342538699905504e+01
-5.905083193724735224e+01 3.834204849712022423e+01 8.686652615339045269e+01
-3.379284929740064669e+00 4.384299972848982918e+01 1.206246430041986173e+02
8.169448420187688953e+01 9.535182322362416585e+01 3.936523552712875471e+02
3.746758224341427024e+01 3.462876730524880031e+01 1.004437640980775086e+02
-3.566875420425253651e+01 3.422405347213850746e+01 9.898338409543831062e+01
-3.570268896120323632e+01 3.253537093807005220e+01 9.454744325360201174e+01
-6.252783652828004080e+01 2.548087291074013194e+01 7.743435086226375574e+01
-6.973902492096921435e+01 2.395358107218408605e+01 7.176474919140434849e+01
-2.007490434100576238e+01 2.385787491195412002e+01 1.020106757875389007e+02
-9.315045535746975247e+00 2.144923432531468066e+01 1.034663672933599798e+02
-1.957900312104180074e+01 2.378468159223034917e+01 1.024384514291372454e+02
-7.451401582086907638e+01 3.363124559183165019e+01 6.932869200192759251e+01
-7.321605421966977190e+01 3.353608892058129243e+01 6.652847143052306933e+01
-2.766372504191991766e+02 1.582717303917782488e+02 3.722313986573654461e+02
-3.294381496220549934e+02 7.318616818020572623e+01 2.882754157037215350e+02
-4.109399014405335038e+01 1.755077449734192214e+02 3.649083198847908989e+02
4.612950833133805872e+01 2.550330811354252774e+02 1.764069282487662349e+02
4.527171691815914301e+01 2.533019794601000001e+02 1.799675144873538386e+02
-4.346723310327251966e+01 2.569955870980491000e+02 2.496481614596134477e+02
-3.376277176312029127e+01 4.916308985385931862e+01 8.490378325046344798e+01
-3.375257615192883520e+01 4.876116497353011425e+01 8.471386313020765613e+01
-6.339986170743689797e+01 2.460978183579105405e+01 8.614811500660783850e+01
-6.638305066681999733e+01 1.809800192245165817e+01 7.022166759886576415e+01
-6.706653898101545508e+01 1.840039479579442627e+01 6.250503954381639460e+01
-2.524301506748398793e+01 1.711183178174014330e+01 1.037371183047453655e+02
