0.000000000000000000e+00 0.000000000000000000e+00 0.000000000000000000e+00
6.814700317382812500e+01 9.508000183105468750e+01 5.062300109863281250e+01
6.885700225830078125e+01 9.472399902343750000e+01 5.233300018310546875e+01
6.885700225830078125e+01 9.472399902343750000e+01 5.233300018310546875e+01
6.743699645996093750e+01 9.543599700927734375e+01 5.164899826049804688e+01
6.921199798583984375e+01 9.436799621582031250e+01 5.199100112915039062e+01
6.903500366210937500e+01 9.454599761962890625e+01 5.284600067138671875e+01
6.903500366210937500e+01 9.561399841308593750e+01 5.181999969482421875e+01
6.903500366210937500e+01 9.561399841308593750e+01 5.181999969482421875e+01
6.743699645996093750e+01 9.472399902343750000e+01 5.199100112915039062e+01
6.903500366210937500e+01 9.561399841308593750e+01 5.353099822998046875e+01
6.743699645996093750e+01 9.472399902343750000e+01 5.301699829101562500e+01
6.797000122070312500e+01 9.525800323486328125e+01 5.181999969482421875e+01
6.797000122070312500e+01 9.525800323486328125e+01 5.181999969482421875e+01
6.885700225830078125e+01 9.472399902343750000e+01 5.301699829101562500e+01
6.921199798583984375e+01 9.543599700927734375e+01 5.164899826049804688e+01
6.832499694824218750e+01 9.597000122070312500e+01 5.250400161743164062e+01
6.779199981689453125e+01 9.508000183105468750e+01 5.267499923706054688e+01
6.779199981689453125e+01 9.508000183105468750e+01 5.267499923706054688e+01
6.885700225830078125e+01 9.579199981689453125e+01 5.233300018310546875e+01
6.743699645996093750e+01 9.401200103759765625e+01 5.199100112915039062e+01
6.779199981689453125e+01 9.365599822998046875e+01 5.233300018310546875e+01
6.938999938964843750e+01 9.454599761962890625e+01 5.113600158691406250e+01
6.938999938964843750e+01 9.454599761962890625e+01 5.113600158691406250e+01
6.868000030517578125e+01 9.419000244140625000e+01 5.147800064086914062e+01
6.832499694824218750e+01 9.561399841308593750e+01 5.216199874877929688e+01
6.814700317382812500e+01 9.436799621582031250e+01 5.267499923706054688e+01
6.779199981689453125e+01 9.401200103759765625e+01 5.267499923706054688e+01
6.779199981689453125e+01 9.401200103759765625e+01 5.267499923706054688e+01
6.814700317382812500e+01 9.579199981689453125e+01 5.267499923706054688e+01
6.797000122070312500e+01 9.561399841308593750e+01 5.113600158691406250e+01
6.868000030517578125e+01 9.632599639892578125e+01 5.250400161743164062e+01
6.868000030517578125e+01 9.632599639892578125e+01 5.250400161743164062e+01
6.921199798583984375e+01 9.508000183105468750e+01 5.199100112915039062e+01
6.797000122070312500e+01 9.454599761962890625e+01 5.318799972534179688e+01
6.814700317382812500e+01 9.508000183105468750e+01 5.164899826049804688e+01
6.885700225830078125e+01 9.508000183105468750e+01 5.233300018310546875e+01
6.885700225830078125e+01 9.508000183105468750e+01 5.233300018310546875e+01
6.974400329589843750e+01 9.561399841308593750e+01 5.216199874877929688e+01
6.797000122070312500e+01 9.632599639892578125e+01 5.181999969482421875e+01
6.779199981689453125e+01 9.579199981689453125e+01 5.164899826049804688e+01
7.063200378417968750e+01 9.650399780273437500e+01 5.164899826049804688e+01
7.063200378417968750e+01 9.650399780273437500e+01 5.164899826049804688e+01
6.726000213623046875e+01 9.419000244140625000e+01 5.250400161743164062e+01
6.797000122070312500e+01 9.775099945068359375e+01 5.250400161743164062e+01
6.903500366210937500e+01 9.525800323486328125e+01 5.216199874877929688e+01
6.885700225830078125e+01 9.579199981689453125e+01 5.267499923706054688e+01
6.885700225830078125e+01 9.579199981689453125e+01 5.267499923706054688e+01
6.566300201416015625e+01 9.472399902343750000e+01 5.370199966430664062e+01
6.601799774169921875e+01 9.472399902343750000e+01 5.267499923706054688e+01
6.548500061035156250e+01 9.490200042724609375e+01 5.284600067138671875e+01
6.726000213623046875e+01 9.312100219726562500e+01 5.250400161743164062e+01
6.726000213623046875e+01 9.312100219726562500e+01 5.250400161743164062e+01
6.530799865722656250e+01 9.045099639892578125e+01 5.336000061035156250e+01
6.601799774169921875e+01 8.795800018310546875e+01 5.472800064086914062e+01
6.619499969482421875e+01 8.599900054931640625e+01 5.489899826049804688e+01
6.495300292968750000e+01 8.404100036621093750e+01 5.438600158691406250e+01
6.495300292968750000e+01 8.404100036621093750e+01 5.438600158691406250e+01
6.353300094604492188e+01 8.261599731445312500e+01 5.677999877929687500e+01
6.353300094604492188e+01 7.905500030517578125e+01 5.677999877929687500e+01
6.069400024414062500e+01 7.763099670410156250e+01 5.643799972534179688e+01
5.980599975585937500e+01 7.674099731445312500e+01 5.763499832153320312e+01
5.980599975585937500e+01 7.674099731445312500e+01 5.763499832153320312e+01
5.838700103759765625e+01 7.709700012207031250e+01 5.831900024414062500e+01
6.016099929809570312e+01 7.602799987792968750e+01 5.695100021362304688e+01
5.962900161743164062e+01 7.335800170898437500e+01 5.814799880981445312e+01
6.087099838256835938e+01 7.389199829101562500e+01 5.695100021362304688e+01
6.087099838256835938e+01 7.389199829101562500e+01 5.695100021362304688e+01
5.998400115966796875e+01 7.264499664306640625e+01 5.814799880981445312e+01
6.033900070190429688e+01 7.228900146484375000e+01 5.712200164794921875e+01
5.980599975585937500e+01 7.318000030517578125e+01 5.831900024414062500e+01
5.945100021362304688e+01 7.495999908447265625e+01 5.626699829101562500e+01
5.945100021362304688e+01 7.495999908447265625e+01 5.626699829101562500e+01
6.033900070190429688e+01 7.300199890136718750e+01 5.712200164794921875e+01
5.962900161743164062e+01 7.371399688720703125e+01 5.814799880981445312e+01
5.927399826049804688e+01 7.549400329589843750e+01 5.917399978637695312e+01
5.945100021362304688e+01 7.424800109863281250e+01 5.763499832153320312e+01
5.945100021362304688e+01 7.424800109863281250e+01 5.763499832153320312e+01
5.962900161743164062e+01 7.300199890136718750e+01 5.883200073242187500e+01
6.087099838256835938e+01 7.318000030517578125e+01 5.729299926757812500e+01
5.891899871826171875e+01 7.406999969482421875e+01 5.780599975585937500e+01
6.122600173950195312e+01 7.424800109863281250e+01 5.763499832153320312e+01
6.122600173950195312e+01 7.424800109863281250e+01 5.763499832153320312e+01
5.980599975585937500e+01 7.353600311279296875e+01 5.866099929809570312e+01
6.033900070190429688e+01 7.335800170898437500e+01 5.780599975585937500e+01
5.980599975585937500e+01 7.353600311279296875e+01 5.763499832153320312e+01
6.033900070190429688e+01 7.406999969482421875e+01 5.814799880981445312e+01
6.033900070190429688e+01 7.406999969482421875e+01 5.814799880981445312e+01
6.051599884033203125e+01 7.531600189208984375e+01 5.866099929809570312e+01
5.998400115966796875e+01 7.406999969482421875e+01 5.746400070190429688e+01
5.980599975585937500e+01 7.389199829101562500e+01 5.763499832153320312e+01
5.962900161743164062e+01 7.549400329589843750e+01 5.780599975585937500e+01
5.962900161743164062e+01 7.549400329589843750e+01 5.780599975585937500e+01
6.140399932861328125e+01 7.442600250244140625e+01 5.746400070190429688e+01
6.016099929809570312e+01 7.424800109863281250e+01 5.695100021362304688e+01
6.122600173950195312e+01 7.567199707031250000e+01 5.763499832153320312e+01
6.104899978637695312e+01 7.478199768066406250e+01 5.712200164794921875e+01
6.104899978637695312e+01 7.478199768066406250e+01 5.712200164794921875e+01
6.051599884033203125e+01 7.602799987792968750e+01 5.831900024414062500e+01
5.945100021362304688e+01 7.638500213623046875e+01 5.866099929809570312e+01
6.335599899291992188e+01 7.958899688720703125e+01 5.729299926757812500e+01
6.530799865722656250e+01 8.119200134277343750e+01 5.609600067138671875e+01
6.530799865722656250e+01 8.119200134277343750e+01 5.609600067138671875e+01
6.441999816894531250e+01 8.350700378417968750e+01 5.695100021362304688e+01
6.353300094604492188e+01 8.510900115966796875e+01 5.609600067138671875e+01
6.477500152587890625e+01 8.813600158691406250e+01 5.489899826049804688e+01
6.406600189208984375e+01 8.884799957275390625e+01 5.626699829101562500e+01
6.406600189208984375e+01 8.884799957275390625e+01 5.626699829101562500e+01
6.601799774169921875e+01 9.045099639892578125e+01 5.643799972534179688e+01
6.530799865722656250e+01 9.223100280761718750e+01 5.404399871826171875e+01
6.477500152587890625e+01 9.205300140380859375e+01 5.284600067138671875e+01
6.459799957275390625e+01 9.365599822998046875e+01 5.199100112915039062e+01
6.459799957275390625e+01 9.365599822998046875e+01 5.199100112915039062e+01
6.441999816894531250e+01 9.490200042724609375e+01 5.113600158691406250e+01
6.300099945068359375e+01 9.668299865722656250e+01 5.353099822998046875e+01
6.158100128173828125e+01 9.597000122070312500e+01 5.181999969482421875e+01
6.246799850463867188e+01 9.757299804687500000e+01 5.199100112915039062e+01
6.246799850463867188e+01 9.757299804687500000e+01 5.199100112915039062e+01
6.193600082397460938e+01 9.597000122070312500e+01 5.353099822998046875e+01
6.406600189208984375e+01 9.668299865722656250e+01 5.250400161743164062e+01
6.104899978637695312e+01 9.614800262451171875e+01 5.267499923706054688e+01
6.300099945068359375e+01 9.739499664306640625e+01 5.284600067138671875e+01
6.300099945068359375e+01 9.739499664306640625e+01 5.284600067138671875e+01
6.104899978637695312e+01 9.721700286865234375e+01 5.370199966430664062e+01
6.229100036621093750e+01 9.632599639892578125e+01 5.147800064086914062e+01
6.140399932861328125e+01 9.721700286865234375e+01 5.404399871826171875e+01
6.264599990844726562e+01 9.703900146484375000e+01 5.250400161743164062e+01
6.264599990844726562e+01 9.703900146484375000e+01 5.250400161743164062e+01
6.246799850463867188e+01 9.792900085449218750e+01 5.130699920654296875e+01
6.175799942016601562e+01 9.935299682617187500e+01 5.062300109863281250e+01
5.927399826049804688e+01 9.899700164794921875e+01 4.993899917602539062e+01
5.820899963378906250e+01 1.000660018920898438e+02 5.062300109863281250e+01
5.820899963378906250e+01 1.000660018920898438e+02 5.062300109863281250e+01
5.608000183105468750e+01 1.025579986572265625e+02 4.891299819946289062e+01
5.483700180053710938e+01 1.023799972534179688e+02 4.908399963378906250e+01
5.128799819946289062e+01 1.048730010986328125e+02 4.771599960327148438e+01
5.057799911499023438e+01 1.052289962768554688e+02 4.737400054931640625e+01
5.057799911499023438e+01 1.052289962768554688e+02 4.737400054931640625e+01
4.756100082397460938e+01 1.057630004882812500e+02 4.720299911499023438e+01
4.702899932861328125e+01 1.048730010986328125e+02 4.771599960327148438e+01
4.436700057983398438e+01 1.043389968872070312e+02 4.720299911499023438e+01
4.330199813842773438e+01 1.032699966430664062e+02 4.583399963378906250e+01
4.330199813842773438e+01 1.032699966430664062e+02 4.583399963378906250e+01
4.188199996948242188e+01 1.032699966430664062e+02 4.651900100708007812e+01
4.099499893188476562e+01 1.027360000610351562e+02 4.634799957275390625e+01
4.081700134277343750e+01 1.022020034790039062e+02 4.651900100708007812e+01
4.081700134277343750e+01 1.022020034790039062e+02 4.651900100708007812e+01
4.188199996948242188e+01 1.014899978637695312e+02 4.651900100708007812e+01
4.046200180053710938e+01 1.004219970703125000e+02 4.720299911499023438e+01
3.993000030517578125e+01 1.009560012817382812e+02 4.634799957275390625e+01
3.993000030517578125e+01 1.005999984741210938e+02 4.771599960327148438e+01
3.993000030517578125e+01 1.005999984741210938e+02 4.771599960327148438e+01
3.850999832153320312e+01 9.988700103759765625e+01 4.805799865722656250e+01
4.117200088500976562e+01 1.014899978637695312e+02 4.686100006103515625e+01
3.993000030517578125e+01 1.005999984741210938e+02 4.737400054931640625e+01
4.063999938964843750e+01 1.005999984741210938e+02 4.668999862670898438e+01
4.063999938964843750e+01 1.005999984741210938e+02 4.668999862670898438e+01
4.188199996948242188e+01 9.970899963378906250e+01 4.788700103759765625e+01
4.543199920654296875e+01 1.004219970703125000e+02 4.822900009155273438e+01
4.649599838256835938e+01 1.018460006713867188e+02 4.891299819946289062e+01
4.898099899291992188e+01 1.014899978637695312e+02 4.993899917602539062e+01
4.898099899291992188e+01 1.014899978637695312e+02 4.993899917602539062e+01
5.181999969482421875e+01 1.022020034790039062e+02 5.062300109863281250e+01
5.572499847412109375e+01 1.000660018920898438e+02 4.959700012207031250e+01
5.732199859619140625e+01 1.002440032958984375e+02 5.147800064086914062e+01
5.998400115966796875e+01 9.650399780273437500e+01 5.267499923706054688e+01
5.998400115966796875e+01 9.650399780273437500e+01 5.267499923706054688e+01
6.229100036621093750e+01 9.419000244140625000e+01 5.592499923706054688e+01
6.229100036621093750e+01 9.383399963378906250e+01 5.387300109863281250e+01
6.371099853515625000e+01 9.347799682617187500e+01 5.421500015258789062e+01
6.388800048828125000e+01 9.187500000000000000e+01 5.370199966430664062e+01
6.388800048828125000e+01 9.187500000000000000e+01 5.370199966430664062e+01
6.477500152587890625e+01 9.062899780273437500e+01 5.353099822998046875e+01
6.566300201416015625e+01 9.258699798583984375e+01 5.404399871826171875e+01
6.512999725341796875e+01 9.169699859619140625e+01 5.387300109863281250e+01
6.548500061035156250e+01 9.098500061035156250e+01 5.524100112915039062e+01
6.548500061035156250e+01 9.098500061035156250e+01 5.524100112915039062e+01
6.655000305175781250e+01 9.134100341796875000e+01 5.353099822998046875e+01
6.601799774169921875e+01 9.045099639892578125e+01 5.301699829101562500e+01
6.655000305175781250e+01 8.991699981689453125e+01 5.353099822998046875e+01
6.583999633789062500e+01 9.240899658203125000e+01 5.421500015258789062e+01
6.583999633789062500e+01 9.240899658203125000e+01 5.421500015258789062e+01
6.637300109863281250e+01 9.223100280761718750e+01 5.438600158691406250e+01
6.583999633789062500e+01 9.098500061035156250e+01 5.353099822998046875e+01
6.477500152587890625e+01 9.169699859619140625e+01 5.455699920654296875e+01
6.566300201416015625e+01 9.258699798583984375e+01 5.438600158691406250e+01
6.566300201416015625e+01 9.258699798583984375e+01 5.438600158691406250e+01
6.672799682617187500e+01 9.258699798583984375e+01 5.472800064086914062e+01
6.601799774169921875e+01 9.294300079345703125e+01 5.301699829101562500e+01
6.743699645996093750e+01 9.223100280761718750e+01 5.301699829101562500e+01
6.761499786376953125e+01 9.169699859619140625e+01 5.250400161743164062e+01
6.761499786376953125e+01 9.169699859619140625e+01 5.250400161743164062e+01
6.672799682617187500e+01 9.258699798583984375e+01 5.336000061035156250e+01
6.619499969482421875e+01 9.347799682617187500e+01 5.353099822998046875e+01
6.619499969482421875e+01 9.276499938964843750e+01 5.353099822998046875e+01
6.672799682617187500e+01 9.258699798583984375e+01 5.438600158691406250e+01
6.672799682617187500e+01 9.258699798583984375e+01 5.438600158691406250e+01
6.726000213623046875e+01 9.312100219726562500e+01 5.421500015258789062e+01
6.566300201416015625e+01 9.436799621582031250e+01 5.370199966430664062e+01
6.814700317382812500e+01 9.330000305175781250e+01 5.370199966430664062e+01
6.779199981689453125e+01 9.258699798583984375e+01 5.267499923706054688e+01
6.779199981689453125e+01 9.258699798583984375e+01 5.267499923706054688e+01
6.726000213623046875e+01 9.347799682617187500e+01 5.250400161743164062e+01
6.868000030517578125e+01 9.240899658203125000e+01 5.353099822998046875e+01
6.583999633789062500e+01 9.312100219726562500e+01 5.421500015258789062e+01
6.726000213623046875e+01 9.134100341796875000e+01 5.250400161743164062e+01
6.726000213623046875e+01 9.134100341796875000e+01 5.250400161743164062e+01
6.726000213623046875e+01 9.240899658203125000e+01 5.387300109863281250e+01
6.601799774169921875e+01 9.258699798583984375e+01 5.472800064086914062e+01
6.619499969482421875e+01 9.240899658203125000e+01 5.250400161743164062e+01
6.672799682617187500e+01 9.401200103759765625e+01 5.336000061035156250e+01
6.672799682617187500e+01 9.401200103759765625e+01 5.336000061035156250e+01
6.672799682617187500e+01 9.223100280761718750e+01 5.267499923706054688e+01
6.690499877929687500e+01 9.419000244140625000e+01 5.284600067138671875e+01
6.512999725341796875e+01 9.312100219726562500e+01 5.421500015258789062e+01
6.655000305175781250e+01 9.312100219726562500e+01 5.387300109863281250e+01
6.655000305175781250e+01 9.312100219726562500e+01 5.387300109863281250e+01
6.548500061035156250e+01 9.383399963378906250e+01 5.489899826049804688e+01
6.583999633789062500e+01 9.454599761962890625e+01 5.284600067138671875e+01
6.583999633789062500e+01 9.312100219726562500e+01 5.318799972534179688e+01
6.761499786376953125e+01 9.240899658203125000e+01 5.421500015258789062e+01
6.761499786376953125e+01 9.240899658203125000e+01 5.421500015258789062e+01
6.726000213623046875e+01 9.205300140380859375e+01 5.250400161743164062e+01
6.566300201416015625e+01 9.294300079345703125e+01 5.301699829101562500e+01
6.832499694824218750e+01 9.347799682617187500e+01 5.318799972534179688e+01
6.637300109863281250e+01 9.258699798583984375e+01 5.336000061035156250e+01
6.637300109863281250e+01 9.258699798583984375e+01 5.336000061035156250e+01
6.655000305175781250e+01 9.347799682617187500e+01 5.284600067138671875e+01
6.601799774169921875e+01 9.330000305175781250e+01 5.336000061035156250e+01
6.583999633789062500e+01 9.134100341796875000e+01 5.284600067138671875e+01
6.601799774169921875e+01 9.080699920654296875e+01 5.438600158691406250e+01
6.601799774169921875e+01 9.080699920654296875e+01 5.438600158691406250e+01
6.672799682617187500e+01 9.365599822998046875e+01 5.199100112915039062e+01
6.690499877929687500e+01 9.134100341796875000e+01 5.216199874877929688e+01
6.832499694824218750e+01 9.276499938964843750e+01 5.284600067138671875e+01
6.832499694824218750e+01 9.276499938964843750e+01 5.284600067138671875e+01
6.814700317382812500e+01 9.080699920654296875e+01 5.404399871826171875e+01
6.797000122070312500e+01 9.027300262451171875e+01 5.387300109863281250e+01
6.548500061035156250e+01 8.955999755859375000e+01 5.353099822998046875e+01
6.601799774169921875e+01 8.831400299072265625e+01 5.472800064086914062e+01
6.601799774169921875e+01 8.831400299072265625e+01 5.472800064086914062e+01
6.512999725341796875e+01 8.991699981689453125e+01 5.421500015258789062e+01
6.512999725341796875e+01 9.062899780273437500e+01 5.353099822998046875e+01
6.619499969482421875e+01 9.098500061035156250e+01 5.489899826049804688e+01
6.246799850463867188e+01 9.116300201416015625e+01 5.438600158691406250e+01
6.246799850463867188e+01 9.116300201416015625e+01 5.438600158691406250e+01
6.335599899291992188e+01 9.240899658203125000e+01 5.558300018310546875e+01
6.300099945068359375e+01 9.240899658203125000e+01 5.387300109863281250e+01
6.530799865722656250e+01 9.294300079345703125e+01 5.506999969482421875e+01
6.548500061035156250e+01 9.205300140380859375e+01 5.421500015258789062e+01
6.548500061035156250e+01 9.205300140380859375e+01 5.421500015258789062e+01
6.477500152587890625e+01 9.276499938964843750e+01 5.489899826049804688e+01
6.424299621582031250e+01 9.258699798583984375e+01 5.404399871826171875e+01
6.211299896240234375e+01 9.258699798583984375e+01 5.472800064086914062e+01
6.335599899291992188e+01 9.454599761962890625e+01 5.455699920654296875e+01
6.335599899291992188e+01 9.454599761962890625e+01 5.455699920654296875e+01
6.406600189208984375e+01 9.383399963378906250e+01 5.250400161743164062e+01
6.583999633789062500e+01 9.419000244140625000e+01 5.387300109863281250e+01
6.672799682617187500e+01 9.472399902343750000e+01 5.267499923706054688e+01
6.708200073242187500e+01 9.721700286865234375e+01 5.301699829101562500e+01
6.708200073242187500e+01 9.721700286865234375e+01 5.301699829101562500e+01
6.921199798583984375e+01 9.579199981689453125e+01 5.301699829101562500e+01
6.992199707031250000e+01 9.579199981689453125e+01 5.199100112915039062e+01
6.938999938964843750e+01 9.347799682617187500e+01 5.216199874877929688e+01
6.814700317382812500e+01 9.579199981689453125e+01 5.267499923706054688e+01
6.814700317382812500e+01 9.579199981689453125e+01 5.267499923706054688e+01
6.885700225830078125e+01 9.650399780273437500e+01 5.164899826049804688e+01
6.850199890136718750e+01 9.508000183105468750e+01 5.130699920654296875e+01
6.921199798583984375e+01 9.472399902343750000e+01 5.164899826049804688e+01
6.938999938964843750e+01 9.454599761962890625e+01 5.318799972534179688e+01
6.938999938964843750e+01 9.454599761962890625e+01 5.318799972534179688e+01
6.885700225830078125e+01 9.508000183105468750e+01 5.267499923706054688e+01
6.903500366210937500e+01 9.490200042724609375e+01 5.250400161743164062e+01
6.797000122070312500e+01 9.454599761962890625e+01 5.216199874877929688e+01
6.797000122070312500e+01 9.668299865722656250e+01 5.216199874877929688e+01
6.797000122070312500e+01 9.668299865722656250e+01 5.216199874877929688e+01
6.797000122070312500e+01 9.454599761962890625e+01 5.250400161743164062e+01
6.903500366210937500e+01 9.597000122070312500e+01 5.147800064086914062e+01
6.779199981689453125e+01 9.472399902343750000e+01 5.164899826049804688e+01
6.708200073242187500e+01 9.472399902343750000e+01 5.233300018310546875e+01
6.708200073242187500e+01 9.472399902343750000e+01 5.233300018310546875e+01
6.832499694824218750e+01 9.490200042724609375e+01 5.387300109863281250e+01
6.814700317382812500e+01 9.508000183105468750e+01 5.301699829101562500e+01
6.814700317382812500e+01 9.543599700927734375e+01 5.301699829101562500e+01
6.797000122070312500e+01 9.490200042724609375e+01 5.284600067138671875e+01
6.797000122070312500e+01 9.490200042724609375e+01 5.284600067138671875e+01
6.761499786376953125e+01 9.454599761962890625e+01 5.147800064086914062e+01
6.850199890136718750e+01 9.508000183105468750e+01 5.267499923706054688e+01
6.956700134277343750e+01 9.579199981689453125e+01 5.301699829101562500e+01
6.868000030517578125e+01 9.383399963378906250e+01 5.216199874877929688e+01
6.868000030517578125e+01 9.383399963378906250e+01 5.216199874877929688e+01
6.832499694824218750e+01 9.490200042724609375e+01 5.250400161743164062e+01
6.779199981689453125e+01 9.543599700927734375e+01 5.267499923706054688e+01
6.797000122070312500e+01 9.312100219726562500e+01 5.079399871826171875e+01
6.832499694824218750e+01 9.597000122070312500e+01 5.147800064086914062e+01
6.832499694824218750e+01 9.597000122070312500e+01 5.147800064086914062e+01
7.080899810791015625e+01 9.454599761962890625e+01 5.284600067138671875e+01
6.956700134277343750e+01 9.543599700927734375e+01 5.130699920654296875e+01
6.868000030517578125e+01 9.561399841308593750e+01 5.079399871826171875e+01
6.868000030517578125e+01 9.561399841308593750e+01 5.250400161743164062e+01
6.868000030517578125e+01 9.561399841308593750e+01 5.250400161743164062e+01
6.903500366210937500e+01 9.383399963378906250e+01 5.216199874877929688e+01
6.797000122070312500e+01 9.668299865722656250e+01 5.216199874877929688e+01
6.637300109863281250e+01 9.579199981689453125e+01 5.267499923706054688e+01
6.868000030517578125e+01 9.454599761962890625e+01 5.216199874877929688e+01
6.868000030517578125e+01 9.454599761962890625e+01 5.216199874877929688e+01
6.974400329589843750e+01 9.454599761962890625e+01 5.181999969482421875e+01
6.921199798583984375e+01 9.543599700927734375e+01 5.199100112915039062e+01
6.726000213623046875e+01 9.525800323486328125e+01 5.181999969482421875e+01
6.868000030517578125e+01 9.419000244140625000e+01 5.353099822998046875e+01
6.868000030517578125e+01 9.419000244140625000e+01 5.353099822998046875e+01
6.779199981689453125e+01 9.508000183105468750e+01 5.164899826049804688e+01
6.868000030517578125e+01 9.347799682617187500e+01 5.284600067138671875e+01
6.903500366210937500e+01 9.632599639892578125e+01 5.216199874877929688e+01
6.832499694824218750e+01 9.419000244140625000e+01 5.216199874877929688e+01
6.832499694824218750e+01 9.419000244140625000e+01 5.216199874877929688e+01
6.832499694824218750e+01 9.597000122070312500e+01 5.250400161743164062e+01
6.868000030517578125e+01 9.561399841308593750e+01 5.250400161743164062e+01
6.797000122070312500e+01 9.632599639892578125e+01 5.216199874877929688e+01
6.832499694824218750e+01 9.525800323486328125e+01 5.250400161743164062e+01
6.832499694824218750e+01 9.525800323486328125e+01 5.250400161743164062e+01
6.814700317382812500e+01 9.579199981689453125e+01 5.267499923706054688e+01
6.832499694824218750e+01 9.454599761962890625e+01 5.284600067138671875e+01
6.726000213623046875e+01 9.419000244140625000e+01 5.250400161743164062e+01
6.726000213623046875e+01 9.490200042724609375e+01 5.181999969482421875e+01
6.726000213623046875e+01 9.490200042724609375e+01 5.181999969482421875e+01
6.885700225830078125e+01 9.472399902343750000e+01 5.164899826049804688e+01
6.708200073242187500e+01 9.436799621582031250e+01 5.233300018310546875e+01
6.992199707031250000e+01 9.543599700927734375e+01 5.164899826049804688e+01
6.655000305175781250e+01 9.597000122070312500e+01 5.216199874877929688e+01
6.655000305175781250e+01 9.597000122070312500e+01 5.216199874877929688e+01
6.885700225830078125e+01 9.508000183105468750e+01 5.164899826049804688e+01
6.619499969482421875e+01 9.490200042724609375e+01 5.284600067138671875e+01
6.832499694824218750e+01 9.490200042724609375e+01 5.216199874877929688e+01
6.832499694824218750e+01 9.490200042724609375e+01 5.216199874877929688e+01
6.832499694824218750e+01 9.454599761962890625e+01 5.216199874877929688e+01
6.850199890136718750e+01 9.614800262451171875e+01 5.199100112915039062e+01
6.885700225830078125e+01 9.401200103759765625e+01 5.130699920654296875e+01
6.814700317382812500e+01 9.543599700927734375e+01 5.233300018310546875e+01
6.814700317382812500e+01 9.543599700927734375e+01 5.233300018310546875e+01
6.850199890136718750e+01 9.543599700927734375e+01 5.164899826049804688e+01
6.797000122070312500e+01 9.419000244140625000e+01 5.216199874877929688e+01
6.814700317382812500e+01 9.508000183105468750e+01 5.130699920654296875e+01
6.938999938964843750e+01 9.490200042724609375e+01 5.216199874877929688e+01
6.938999938964843750e+01 9.490200042724609375e+01 5.216199874877929688e+01
6.850199890136718750e+01 9.508000183105468750e+01 5.130699920654296875e+01
6.726000213623046875e+01 9.419000244140625000e+01 5.216199874877929688e+01
6.938999938964843750e+01 9.454599761962890625e+01 5.250400161743164062e+01
6.814700317382812500e+01 9.614800262451171875e+01 5.370199966430664062e+01
6.814700317382812500e+01 9.614800262451171875e+01 5.370199966430664062e+01
6.761499786376953125e+01 9.561399841308593750e+01 5.113600158691406250e+01
6.921199798583984375e+01 9.543599700927734375e+01 5.233300018310546875e+01
6.761499786376953125e+01 9.347799682617187500e+01 5.284600067138671875e+01
6.814700317382812500e+01 9.508000183105468750e+01 5.233300018310546875e+01
6.814700317382812500e+01 9.508000183105468750e+01 5.233300018310546875e+01
6.903500366210937500e+01 9.419000244140625000e+01 5.113600158691406250e+01
6.885700225830078125e+01 9.543599700927734375e+01 5.164899826049804688e+01
6.868000030517578125e+01 9.490200042724609375e+01 5.250400161743164062e+01
6.850199890136718750e+01 9.543599700927734375e+01 5.267499923706054688e+01
6.850199890136718750e+01 9.543599700927734375e+01 5.267499923706054688e+01
6.797000122070312500e+01 9.454599761962890625e+01 5.318799972534179688e+01
6.850199890136718750e+01 9.436799621582031250e+01 5.301699829101562500e+01
6.956700134277343750e+01 9.614800262451171875e+01 5.199100112915039062e+01
6.885700225830078125e+01 9.472399902343750000e+01 5.301699829101562500e+01
6.885700225830078125e+01 9.472399902343750000e+01 5.301699829101562500e+01
6.832499694824218750e+01 9.490200042724609375e+01 5.250400161743164062e+01
6.726000213623046875e+01 9.454599761962890625e+01 5.216199874877929688e+01
6.743699645996093750e+01 9.614800262451171875e+01 5.370199966430664062e+01
6.779199981689453125e+01 9.543599700927734375e+01 5.233300018310546875e+01
6.779199981689453125e+01 9.543599700927734375e+01 5.233300018310546875e+01
6.832499694824218750e+01 9.525800323486328125e+01 5.318799972534179688e+01
6.850199890136718750e+01 9.472399902343750000e+01 5.267499923706054688e+01
6.903500366210937500e+01 9.490200042724609375e+01 5.250400161743164062e+01
6.832499694824218750e+01 9.383399963378906250e+01 5.216199874877929688e+01
6.832499694824218750e+01 9.383399963378906250e+01 5.216199874877929688e+01
6.868000030517578125e+01 9.490200042724609375e+01 5.181999969482421875e+01
6.761499786376953125e+01 9.419000244140625000e+01 5.284600067138671875e+01
6.868000030517578125e+01 9.525800323486328125e+01 5.318799972534179688e+01
6.797000122070312500e+01 9.525800323486328125e+01 5.181999969482421875e+01
6.797000122070312500e+01 9.525800323486328125e+01 5.181999969482421875e+01
6.690499877929687500e+01 9.525800323486328125e+01 5.181999969482421875e+01
6.868000030517578125e+01 9.597000122070312500e+01 5.216199874877929688e+01
6.850199890136718750e+01 9.686100006103515625e+01 5.164899826049804688e+01
6.850199890136718750e+01 9.614800262451171875e+01 5.301699829101562500e+01
6.850199890136718750e+01 9.614800262451171875e+01 5.301699829101562500e+01
6.797000122070312500e+01 9.561399841308593750e+01 5.113600158691406250e+01
6.850199890136718750e+01 9.614800262451171875e+01 5.164899826049804688e+01
6.921199798583984375e+01 9.543599700927734375e+01 5.301699829101562500e+01
6.903500366210937500e+01 9.490200042724609375e+01 5.250400161743164062e+01
6.903500366210937500e+01 9.490200042724609375e+01 5.250400161743164062e+01
6.903500366210937500e+01 9.454599761962890625e+01 5.147800064086914062e+01
6.814700317382812500e+01 9.401200103759765625e+01 5.096500015258789062e+01
6.868000030517578125e+01 9.561399841308593750e+01 5.147800064086914062e+01
6.814700317382812500e+01 9.436799621582031250e+01 5.233300018310546875e+01
6.814700317382812500e+01 9.436799621582031250e+01 5.233300018310546875e+01
6.761499786376953125e+01 9.490200042724609375e+01 5.147800064086914062e+01
6.850199890136718750e+01 9.508000183105468750e+01 5.199100112915039062e+01
6.885700225830078125e+01 9.508000183105468750e+01 5.267499923706054688e+01
6.779199981689453125e+01 9.436799621582031250e+01 5.301699829101562500e+01
6.779199981689453125e+01 9.436799621582031250e+01 5.301699829101562500e+01
6.850199890136718750e+01 9.436799621582031250e+01 5.199100112915039062e+01
6.921199798583984375e+01 9.614800262451171875e+01 5.301699829101562500e+01
6.956700134277343750e+01 9.436799621582031250e+01 5.301699829101562500e+01
6.797000122070312500e+01 9.525800323486328125e+01 5.353099822998046875e+01
6.797000122070312500e+01 9.525800323486328125e+01 5.353099822998046875e+01
6.974400329589843750e+01 9.490200042724609375e+01 5.284600067138671875e+01
6.903500366210937500e+01 9.561399841308593750e+01 5.216199874877929688e+01
6.850199890136718750e+01 9.365599822998046875e+01 5.096500015258789062e+01
6.903500366210937500e+01 9.347799682617187500e+01 5.113600158691406250e+01
6.903500366210937500e+01 9.347799682617187500e+01 5.113600158691406250e+01
6.850199890136718750e+01 9.579199981689453125e+01 5.164899826049804688e+01
6.814700317382812500e+01 9.508000183105468750e+01 5.130699920654296875e+01
6.797000122070312500e+01 9.419000244140625000e+01 5.181999969482421875e+01
6.779199981689453125e+01 9.436799621582031250e+01 5.199100112915039062e+01
6.779199981689453125e+01 9.436799621582031250e+01 5.199100112915039062e+01
6.779199981689453125e+01 9.436799621582031250e+01 5.096500015258789062e+01
6.832499694824218750e+01 9.454599761962890625e+01 5.284600067138671875e+01
6.850199890136718750e+01 9.543599700927734375e+01 5.199100112915039062e+01
6.903500366210937500e+01 9.597000122070312500e+01 5.181999969482421875e+01
6.903500366210937500e+01 9.597000122070312500e+01 5.181999969482421875e+01
6.761499786376953125e+01 9.597000122070312500e+01 5.045199966430664062e+01
6.868000030517578125e+01 9.490200042724609375e+01 5.284600067138671875e+01
6.761499786376953125e+01 9.419000244140625000e+01 5.250400161743164062e+01
6.797000122070312500e+01 9.419000244140625000e+01 5.147800064086914062e+01
6.797000122070312500e+01 9.419000244140625000e+01 5.147800064086914062e+01
6.637300109863281250e+01 9.401200103759765625e+01 5.164899826049804688e+01
6.938999938964843750e+01 9.597000122070312500e+01 5.216199874877929688e+01
6.779199981689453125e+01 9.614800262451171875e+01 5.233300018310546875e+01
6.832499694824218750e+01 9.419000244140625000e+01 5.250400161743164062e+01
6.832499694824218750e+01 9.419000244140625000e+01 5.250400161743164062e+01
6.903500366210937500e+01 9.490200042724609375e+01 5.147800064086914062e+01
6.761499786376953125e+01 9.490200042724609375e+01 5.216199874877929688e+01
6.938999938964843750e+01 9.525800323486328125e+01 5.284600067138671875e+01
6.814700317382812500e+01 9.579199981689453125e+01 5.336000061035156250e+01
6.814700317382812500e+01 9.579199981689453125e+01 5.336000061035156250e+01
6.814700317382812500e+01 9.579199981689453125e+01 5.301699829101562500e+01
6.974400329589843750e+01 9.561399841308593750e+01 5.011000061035156250e+01
6.672799682617187500e+01 9.472399902343750000e+01 5.164899826049804688e+01
6.672799682617187500e+01 9.472399902343750000e+01 5.164899826049804688e+01
6.601799774169921875e+01 9.508000183105468750e+01 5.199100112915039062e+01
6.743699645996093750e+01 9.472399902343750000e+01 5.164899826049804688e+01
6.708200073242187500e+01 9.579199981689453125e+01 5.164899826049804688e+01
6.868000030517578125e+01 9.490200042724609375e+01 5.318799972534179688e+01
6.868000030517578125e+01 9.490200042724609375e+01 5.318799972534179688e+01
6.921199798583984375e+01 9.508000183105468750e+01 5.028099822998046875e+01
6.921199798583984375e+01 9.508000183105468750e+01 5.233300018310546875e+01
6.921199798583984375e+01 9.579199981689453125e+01 5.130699920654296875e+01
6.850199890136718750e+01 9.650399780273437500e+01 5.370199966430664062e+01
6.850199890136718750e+01 9.650399780273437500e+01 5.370199966430664062e+01
6.850199890136718750e+01 9.401200103759765625e+01 5.199100112915039062e+01
6.743699645996093750e+01 9.579199981689453125e+01 5.267499923706054688e+01
6.814700317382812500e+01 9.508000183105468750e+01 5.130699920654296875e+01
6.974400329589843750e+01 9.597000122070312500e+01 5.113600158691406250e+01
6.974400329589843750e+01 9.597000122070312500e+01 5.113600158691406250e+01
6.726000213623046875e+01 9.383399963378906250e+01 5.250400161743164062e+01
6.832499694824218750e+01 9.561399841308593750e+01 5.147800064086914062e+01
6.850199890136718750e+01 9.543599700927734375e+01 5.164899826049804688e+01
6.761499786376953125e+01 9.490200042724609375e+01 5.181999969482421875e+01
6.761499786376953125e+01 9.490200042724609375e+01 5.181999969482421875e+01
6.779199981689453125e+01 9.614800262451171875e+01 5.130699920654296875e+01
6.832499694824218750e+01 9.632599639892578125e+01 5.353099822998046875e+01
6.903500366210937500e+01 9.561399841308593750e+01 5.353099822998046875e+01
6.619499969482421875e+01 9.525800323486328125e+01 5.181999969482421875e+01
6.619499969482421875e+01 9.525800323486328125e+01 5.181999969482421875e+01
6.903500366210937500e+01 9.525800323486328125e+01 5.147800064086914062e+01
6.779199981689453125e+01 9.472399902343750000e+01 5.199100112915039062e+01
6.832499694824218750e+01 9.383399963378906250e+01 5.250400161743164062e+01
6.832499694824218750e+01 9.597000122070312500e+01 5.250400161743164062e+01
6.832499694824218750e+01 9.597000122070312500e+01 5.250400161743164062e+01
6.797000122070312500e+01 9.561399841308593750e+01 5.113600158691406250e+01
6.832499694824218750e+01 9.419000244140625000e+01 5.250400161743164062e+01
6.832499694824218750e+01 9.525800323486328125e+01 5.284600067138671875e+01
6.797000122070312500e+01 9.525800323486328125e+01 5.387300109863281250e+01
6.797000122070312500e+01 9.525800323486328125e+01 5.387300109863281250e+01
6.992199707031250000e+01 9.508000183105468750e+01 5.267499923706054688e+01
6.868000030517578125e+01 9.632599639892578125e+01 5.181999969482421875e+01
6.850199890136718750e+01 9.472399902343750000e+01 5.164899826049804688e+01
6.797000122070312500e+01 9.419000244140625000e+01 5.147800064086914062e+01
6.797000122070312500e+01 9.419000244140625000e+01 5.147800064086914062e+01
6.743699645996093750e+01 9.650399780273437500e+01 5.096500015258789062e+01
6.797000122070312500e+01 9.525800323486328125e+01 5.284600067138671875e+01
6.779199981689453125e+01 9.650399780273437500e+01 5.267499923706054688e+01
6.868000030517578125e+01 9.597000122070312500e+01 5.181999969482421875e+01
6.868000030517578125e+01 9.597000122070312500e+01 5.181999969482421875e+01
6.921199798583984375e+01 9.650399780273437500e+01 5.164899826049804688e+01
6.868000030517578125e+01 9.597000122070312500e+01 5.216199874877929688e+01
6.690499877929687500e+01 9.525800323486328125e+01 5.181999969482421875e+01
6.903500366210937500e+01 9.561399841308593750e+01 5.318799972534179688e+01
6.903500366210937500e+01 9.561399841308593750e+01 5.318799972534179688e+01
6.761499786376953125e+01 9.525800323486328125e+01 5.147800064086914062e+01
6.743699645996093750e+01 9.436799621582031250e+01 5.233300018310546875e+01
6.938999938964843750e+01 9.597000122070312500e+01 5.181999969482421875e+01
6.868000030517578125e+01 9.525800323486328125e+01 5.113600158691406250e+01
6.868000030517578125e+01 9.525800323486328125e+01 5.113600158691406250e+01
6.850199890136718750e+01 9.543599700927734375e+01 5.267499923706054688e+01
6.832499694824218750e+01 9.561399841308593750e+01 5.250400161743164062e+01
6.974400329589843750e+01 9.490200042724609375e+01 5.250400161743164062e+01
6.850199890136718750e+01 9.579199981689453125e+01 5.370199966430664062e+01
6.850199890136718750e+01 9.579199981689453125e+01 5.370199966430664062e+01
6.814700317382812500e+01 9.650399780273437500e+01 5.233300018310546875e+01
6.814700317382812500e+01 9.508000183105468750e+01 5.336000061035156250e+01
6.938999938964843750e+01 9.490200042724609375e+01 5.250400161743164062e+01
6.832499694824218750e+01 9.561399841308593750e+01 5.353099822998046875e+01
6.832499694824218750e+01 9.561399841308593750e+01 5.353099822998046875e+01
6.868000030517578125e+01 9.525800323486328125e+01 5.250400161743164062e+01
6.903500366210937500e+01 9.525800323486328125e+01 5.181999969482421875e+01
7.009899902343750000e+01 9.561399841308593750e+01 5.181999969482421875e+01
6.814700317382812500e+01 9.472399902343750000e+01 5.336000061035156250e+01
6.814700317382812500e+01 9.472399902343750000e+01 5.336000061035156250e+01
6.938999938964843750e+01 9.561399841308593750e+01 5.216199874877929688e+01
6.850199890136718750e+01 9.508000183105468750e+01 5.164899826049804688e+01
6.850199890136718750e+01 9.543599700927734375e+01 5.301699829101562500e+01
6.974400329589843750e+01 9.561399841308593750e+01 5.216199874877929688e+01
6.974400329589843750e+01 9.561399841308593750e+01 5.216199874877929688e+01
6.921199798583984375e+01 9.543599700927734375e+01 5.199100112915039062e+01
6.938999938964843750e+01 9.490200042724609375e+01 5.250400161743164062e+01
6.885700225830078125e+01 9.614800262451171875e+01 5.404399871826171875e+01
6.868000030517578125e+01 9.597000122070312500e+01 5.250400161743164062e+01
6.868000030517578125e+01 9.597000122070312500e+01 5.250400161743164062e+01
6.708200073242187500e+01 9.543599700927734375e+01 5.233300018310546875e+01
6.797000122070312500e+01 9.525800323486328125e+01 5.216199874877929688e+01
6.814700317382812500e+01 9.508000183105468750e+01 5.164899826049804688e+01
6.974400329589843750e+01 9.525800323486328125e+01 5.216199874877929688e+01
6.974400329589843750e+01 9.525800323486328125e+01 5.216199874877929688e+01
6.850199890136718750e+01 9.543599700927734375e+01 5.233300018310546875e+01
6.761499786376953125e+01 9.525800323486328125e+01 5.250400161743164062e+01
6.850199890136718750e+01 9.686100006103515625e+01 5.164899826049804688e+01
6.743699645996093750e+01 9.508000183105468750e+01 5.233300018310546875e+01
6.743699645996093750e+01 9.508000183105468750e+01 5.233300018310546875e+01
6.779199981689453125e+01 9.543599700927734375e+01 5.267499923706054688e+01
6.743699645996093750e+01 9.579199981689453125e+01 5.199100112915039062e+01
6.885700225830078125e+01 9.472399902343750000e+01 5.233300018310546875e+01
6.885700225830078125e+01 9.472399902343750000e+01 5.233300018310546875e+01
6.832499694824218750e+01 9.312100219726562500e+01 5.181999969482421875e+01
6.885700225830078125e+01 9.579199981689453125e+01 5.233300018310546875e+01
6.797000122070312500e+01 9.525800323486328125e+01 5.216199874877929688e+01
6.903500366210937500e+01 9.525800323486328125e+01 5.181999969482421875e+01
6.903500366210937500e+01 9.525800323486328125e+01 5.181999969482421875e+01
6.814700317382812500e+01 9.401200103759765625e+01 5.233300018310546875e+01
6.850199890136718750e+01 9.579199981689453125e+01 5.164899826049804688e+01
6.903500366210937500e+01 9.383399963378906250e+01 5.113600158691406250e+01
6.797000122070312500e+01 9.419000244140625000e+01 5.250400161743164062e+01
6.797000122070312500e+01 9.419000244140625000e+01 5.250400161743164062e+01
6.743699645996093750e+01 9.508000183105468750e+01 5.199100112915039062e+01
6.850199890136718750e+01 9.579199981689453125e+01 5.164899826049804688e+01
6.832499694824218750e+01 9.597000122070312500e+01 5.250400161743164062e+01
6.779199981689453125e+01 9.508000183105468750e+01 5.233300018310546875e+01
6.779199981689453125e+01 9.508000183105468750e+01 5.233300018310546875e+01
6.921199798583984375e+01 9.579199981689453125e+01 5.164899826049804688e+01
6.850199890136718750e+01 9.579199981689453125e+01 5.267499923706054688e+01
6.814700317382812500e+01 9.508000183105468750e+01 5.267499923706054688e+01
6.761499786376953125e+01 9.347799682617187500e+01 5.216199874877929688e+01
6.761499786376953125e+01 9.347799682617187500e+01 5.216199874877929688e+01
6.743699645996093750e+01 9.401200103759765625e+01 5.301699829101562500e+01
6.761499786376953125e+01 9.597000122070312500e+01 5.079399871826171875e+01
6.850199890136718750e+01 9.543599700927734375e+01 5.130699920654296875e+01
6.797000122070312500e+01 9.525800323486328125e+01 5.216199874877929688e+01
6.797000122070312500e+01 9.525800323486328125e+01 5.216199874877929688e+01
6.885700225830078125e+01 9.543599700927734375e+01 5.336000061035156250e+01
6.832499694824218750e+01 9.419000244140625000e+01 5.318799972534179688e+01
6.708200073242187500e+01 9.543599700927734375e+01 5.062300109863281250e+01
6.797000122070312500e+01 9.597000122070312500e+01 5.181999969482421875e+01
6.797000122070312500e+01 9.597000122070312500e+01 5.181999969482421875e+01
6.726000213623046875e+01 9.490200042724609375e+01 5.250400161743164062e+01
6.956700134277343750e+01 9.543599700927734375e+01 5.404399871826171875e+01
6.921199798583984375e+01 9.472399902343750000e+01 5.164899826049804688e+01
6.690499877929687500e+01 9.525800323486328125e+01 5.216199874877929688e+01
6.690499877929687500e+01 9.525800323486328125e+01 5.216199874877929688e+01
6.885700225830078125e+01 9.543599700927734375e+01 5.233300018310546875e+01
6.779199981689453125e+01 9.436799621582031250e+01 5.199100112915039062e+01
6.921199798583984375e+01 9.579199981689453125e+01 5.130699920654296875e+01
6.903500366210937500e+01 9.490200042724609375e+01 5.181999969482421875e+01
6.903500366210937500e+01 9.490200042724609375e+01 5.181999969482421875e+01
6.956700134277343750e+01 9.472399902343750000e+01 5.301699829101562500e+01
6.885700225830078125e+01 9.472399902343750000e+01 5.233300018310546875e+01
6.761499786376953125e+01 9.490200042724609375e+01 5.181999969482421875e+01
6.903500366210937500e+01 9.454599761962890625e+01 5.318799972534179688e+01
6.903500366210937500e+01 9.454599761962890625e+01 5.318799972534179688e+01
6.956700134277343750e+01 9.579199981689453125e+01 5.164899826049804688e+01
6.779199981689453125e+01 9.543599700927734375e+01 5.267499923706054688e+01
6.850199890136718750e+01 9.436799621582031250e+01 5.233300018310546875e+01
6.850199890136718750e+01 9.436799621582031250e+01 5.301699829101562500e+01
6.850199890136718750e+01 9.436799621582031250e+01 5.301699829101562500e+01
6.956700134277343750e+01 9.436799621582031250e+01 5.199100112915039062e+01
6.672799682617187500e+01 9.436799621582031250e+01 5.096500015258789062e+01
6.921199798583984375e+01 9.472399902343750000e+01 5.267499923706054688e+01
6.743699645996093750e+01 9.436799621582031250e+01 5.267499923706054688e+01
6.743699645996093750e+01 9.436799621582031250e+01 5.267499923706054688e+01
6.814700317382812500e+01 9.472399902343750000e+01 5.164899826049804688e+01
6.743699645996093750e+01 9.543599700927734375e+01 5.233300018310546875e+01
6.726000213623046875e+01 9.490200042724609375e+01 5.250400161743164062e+01
6.850199890136718750e+01 9.579199981689453125e+01 5.301699829101562500e+01
6.850199890136718750e+01 9.579199981689453125e+01 5.301699829101562500e+01
6.814700317382812500e+01 9.436799621582031250e+01 5.164899826049804688e+01
6.868000030517578125e+01 9.490200042724609375e+01 5.113600158691406250e+01
6.761499786376953125e+01 9.561399841308593750e+01 5.250400161743164062e+01
6.903500366210937500e+01 9.561399841308593750e+01 5.250400161743164062e+01
6.903500366210937500e+01 9.561399841308593750e+01 5.250400161743164062e+01
6.850199890136718750e+01 9.614800262451171875e+01 5.301699829101562500e+01
6.903500366210937500e+01 9.490200042724609375e+01 5.216199874877929688e+01
6.850199890136718750e+01 9.401200103759765625e+01 5.199100112915039062e+01
6.797000122070312500e+01 9.561399841308593750e+01 5.250400161743164062e+01
6.797000122070312500e+01 9.561399841308593750e+01 5.250400161743164062e+01
6.743699645996093750e+01 9.472399902343750000e+01 5.164899826049804688e+01
6.885700225830078125e+01 9.579199981689453125e+01 5.199100112915039062e+01
6.903500366210937500e+01 9.525800323486328125e+01 5.250400161743164062e+01
6.903500366210937500e+01 9.525800323486328125e+01 5.250400161743164062e+01
6.797000122070312500e+01 9.525800323486328125e+01 5.181999969482421875e+01
6.779199981689453125e+01 9.508000183105468750e+01 5.164899826049804688e+01
6.868000030517578125e+01 9.490200042724609375e+01 5.284600067138671875e+01
6.868000030517578125e+01 9.419000244140625000e+01 5.284600067138671875e+01
6.868000030517578125e+01 9.419000244140625000e+01 5.284600067138671875e+01
6.761499786376953125e+01 9.454599761962890625e+01 5.181999969482421875e+01
6.885700225830078125e+01 9.508000183105468750e+01 5.199100112915039062e+01
6.797000122070312500e+01 9.632599639892578125e+01 5.250400161743164062e+01
6.814700317382812500e+01 9.543599700927734375e+01 5.028099822998046875e+01
6.814700317382812500e+01 9.543599700927734375e+01 5.028099822998046875e+01
6.832499694824218750e+01 9.454599761962890625e+01 5.181999969482421875e+01
6.885700225830078125e+01 9.650399780273437500e+01 5.164899826049804688e+01
6.921199798583984375e+01 9.579199981689453125e+01 5.301699829101562500e+01
6.743699645996093750e+01 9.436799621582031250e+01 5.164899826049804688e+01
6.743699645996093750e+01 9.436799621582031250e+01 5.164899826049804688e+01
6.832499694824218750e+01 9.525800323486328125e+01 5.318799972534179688e+01
6.761499786376953125e+01 9.454599761962890625e+01 5.318799972534179688e+01
6.779199981689453125e+01 9.579199981689453125e+01 5.301699829101562500e+01
6.885700225830078125e+01 9.508000183105468750e+01 5.267499923706054688e+01
6.885700225830078125e+01 9.508000183105468750e+01 5.267499923706054688e+01
6.868000030517578125e+01 9.561399841308593750e+01 5.147800064086914062e+01
6.797000122070312500e+01 9.561399841308593750e+01 5.421500015258789062e+01
6.885700225830078125e+01 9.543599700927734375e+01 5.130699920654296875e+01
6.814700317382812500e+01 9.436799621582031250e+01 5.164899826049804688e+01
6.814700317382812500e+01 9.436799621582031250e+01 5.164899826049804688e+01
6.814700317382812500e+01 9.508000183105468750e+01 5.164899826049804688e+01
6.903500366210937500e+01 9.632599639892578125e+01 5.181999969482421875e+01
6.956700134277343750e+01 9.614800262451171875e+01 5.130699920654296875e+01
6.938999938964843750e+01 9.454599761962890625e+01 5.353099822998046875e+01
6.938999938964843750e+01 9.454599761962890625e+01 5.353099822998046875e+01
6.761499786376953125e+01 9.490200042724609375e+01 5.216199874877929688e+01
6.814700317382812500e+01 9.436799621582031250e+01 5.233300018310546875e+01
6.814700317382812500e+01 9.472399902343750000e+01 5.267499923706054688e+01
6.885700225830078125e+01 9.579199981689453125e+01 5.233300018310546875e+01
6.885700225830078125e+01 9.579199981689453125e+01 5.233300018310546875e+01
6.832499694824218750e+01 9.739499664306640625e+01 5.284600067138671875e+01
6.779199981689453125e+01 9.472399902343750000e+01 5.233300018310546875e+01
6.814700317382812500e+01 9.543599700927734375e+01 5.336000061035156250e+01
6.885700225830078125e+01 9.543599700927734375e+01 5.233300018310546875e+01
6.885700225830078125e+01 9.543599700927734375e+01 5.233300018310546875e+01
6.797000122070312500e+01 9.490200042724609375e+01 5.353099822998046875e+01
6.814700317382812500e+01 9.508000183105468750e+01 5.062300109863281250e+01
6.850199890136718750e+01 9.614800262451171875e+01 5.233300018310546875e+01
6.779199981689453125e+01 9.436799621582031250e+01 5.301699829101562500e+01
6.779199981689453125e+01 9.436799621582031250e+01 5.301699829101562500e+01
6.779199981689453125e+01 9.614800262451171875e+01 5.164899826049804688e+01
6.761499786376953125e+01 9.490200042724609375e+01 5.284600067138671875e+01
6.708200073242187500e+01 9.508000183105468750e+01 5.267499923706054688e+01
6.761499786376953125e+01 9.525800323486328125e+01 5.250400161743164062e+01
6.761499786376953125e+01 9.525800323486328125e+01 5.250400161743164062e+01
6.832499694824218750e+01 9.561399841308593750e+01 5.318799972534179688e+01
6.921199798583984375e+01 9.579199981689453125e+01 5.164899826049804688e+01
6.797000122070312500e+01 9.490200042724609375e+01 5.284600067138671875e+01
6.885700225830078125e+01 9.579199981689453125e+01 5.096500015258789062e+01
6.885700225830078125e+01 9.579199981689453125e+01 5.096500015258789062e+01
6.885700225830078125e+01 9.579199981689453125e+01 5.096500015258789062e+01
6.797000122070312500e+01 9.454599761962890625e+01 5.284600067138671875e+01
6.814700317382812500e+01 9.650399780273437500e+01 5.199100112915039062e+01
6.903500366210937500e+01 9.525800323486328125e+01 5.284600067138671875e+01
6.903500366210937500e+01 9.525800323486328125e+01 5.284600067138671875e+01
6.814700317382812500e+01 9.472399902343750000e+01 5.233300018310546875e+01
6.726000213623046875e+01 9.525800323486328125e+01 5.318799972534179688e+01
6.814700317382812500e+01 9.436799621582031250e+01 5.199100112915039062e+01
6.797000122070312500e+01 9.561399841308593750e+01 5.284600067138671875e+01
6.797000122070312500e+01 9.561399841308593750e+01 5.284600067138671875e+01
6.850199890136718750e+01 9.543599700927734375e+01 5.199100112915039062e+01
6.761499786376953125e+01 9.454599761962890625e+01 5.216199874877929688e+01
6.868000030517578125e+01 9.561399841308593750e+01 5.250400161743164062e+01
6.868000030517578125e+01 9.561399841308593750e+01 5.250400161743164062e+01
6.832499694824218750e+01 9.525800323486328125e+01 5.284600067138671875e+01
6.956700134277343750e+01 9.543599700927734375e+01 5.301699829101562500e+01
6.974400329589843750e+01 9.561399841308593750e+01 5.250400161743164062e+01
6.743699645996093750e+01 9.472399902343750000e+01 5.301699829101562500e+01
6.743699645996093750e+01 9.472399902343750000e+01 5.301699829101562500e+01
6.921199798583984375e+01 9.579199981689453125e+01 5.301699829101562500e+01
6.743699645996093750e+01 9.579199981689453125e+01 5.267499923706054688e+01
6.956700134277343750e+01 9.472399902343750000e+01 5.130699920654296875e+01
6.850199890136718750e+01 9.508000183105468750e+01 5.301699829101562500e+01
6.850199890136718750e+01 9.508000183105468750e+01 5.301699829101562500e+01
6.814700317382812500e+01 9.436799621582031250e+01 5.267499923706054688e+01
6.921199798583984375e+01 9.543599700927734375e+01 5.199100112915039062e+01
6.903500366210937500e+01 9.561399841308593750e+01 5.181999969482421875e+01
6.743699645996093750e+01 9.472399902343750000e+01 5.164899826049804688e+01
6.743699645996093750e+01 9.472399902343750000e+01 5.164899826049804688e+01
6.761499786376953125e+01 9.561399841308593750e+01 5.181999969482421875e+01
6.832499694824218750e+01 9.632599639892578125e+01 5.250400161743164062e+01
6.832499694824218750e+01 9.454599761962890625e+01 5.147800064086914062e+01
6.637300109863281250e+01 9.579199981689453125e+01 5.301699829101562500e+01
6.637300109863281250e+01 9.579199981689453125e+01 5.301699829101562500e+01
6.708200073242187500e+01 9.472399902343750000e+01 5.130699920654296875e+01
6.726000213623046875e+01 9.454599761962890625e+01 5.250400161743164062e+01
6.761499786376953125e+01 9.490200042724609375e+01 5.284600067138671875e+01
6.832499694824218750e+01 9.490200042724609375e+01 5.181999969482421875e+01
