0.000000000000000000e+00 0.000000000000000000e+00 0.000000000000000000e+00
6.353300094604492188e+01 1.096800003051757812e+02 6.464700317382812500e+01
6.459799957275390625e+01 1.096800003051757812e+02 6.498899841308593750e+01
6.459799957275390625e+01 1.096800003051757812e+02 6.498899841308593750e+01
6.406600189208984375e+01 1.077220001220703125e+02 6.516000366210937500e+01
6.229100036621093750e+01 1.080780029296875000e+02 6.550199890136718750e+01
6.406600189208984375e+01 1.084339981079101562e+02 6.379199981689453125e+01
6.175799942016601562e+01 1.086119995117187500e+02 6.567299652099609375e+01
6.388800048828125000e+01 1.107490005493164062e+02 6.396300125122070312e+01
6.229100036621093750e+01 1.077220001220703125e+02 6.550199890136718750e+01
6.229100036621093750e+01 1.077220001220703125e+02 6.550199890136718750e+01
6.317800140380859375e+01 1.100360031127929688e+02 6.464700317382812500e+01
6.371099853515625000e+01 1.102149963378906250e+02 6.550199890136718750e+01
6.246799850463867188e+01 1.103929977416992188e+02 6.430500030517578125e+01
6.193600082397460938e+01 1.112829971313476562e+02 6.516000366210937500e+01
6.388800048828125000e+01 1.118170013427734375e+02 6.498899841308593750e+01
6.388800048828125000e+01 1.118170013427734375e+02 6.498899841308593750e+01
6.211299896240234375e+01 1.096800003051757812e+02 6.396300125122070312e+01
6.229100036621093750e+01 1.105709991455078125e+02 6.447599792480468750e+01
6.193600082397460938e+01 1.116389999389648438e+02 6.413400268554687500e+01
6.211299896240234375e+01 1.146660003662109375e+02 6.396300125122070312e+01
6.211299896240234375e+01 1.146660003662109375e+02 6.396300125122070312e+01
5.962900161743164062e+01 1.189390029907226562e+02 6.156900024414062500e+01
5.945100021362304688e+01 1.273079986572265625e+02 5.831900024414062500e+01
5.962900161743164062e+01 1.363880004882812500e+02 5.096500015258789062e+01
6.140399932861328125e+01 1.413739929199218750e+02 4.275600051879882812e+01
6.317800140380859375e+01 1.445789947509765625e+02 3.420500183105468750e+01
6.317800140380859375e+01 1.445789947509765625e+02 3.420500183105468750e+01
6.069400024414062500e+01 1.488520050048828125e+02 2.633799934387207031e+01
6.033900070190429688e+01 1.502760009765625000e+02 1.470800018310546875e+01
5.874200057983398438e+01 1.493860015869140625e+02 7.012000083923339844e+00
5.838700103759765625e+01 1.468930053710937500e+02 -1.710000038146972656e-01
5.927399826049804688e+01 1.424420013427734375e+02 -8.550999641418457031e+00
5.927399826049804688e+01 1.424420013427734375e+02 -8.550999641418457031e+00
6.016099929809570312e+01 1.376349945068359375e+02 -1.590499973297119141e+01
5.962900161743164062e+01 1.314029998779296875e+02 -2.189100074768066406e+01
5.998400115966796875e+01 1.221439971923828125e+02 -2.770599937438964844e+01
5.749900054931640625e+01 1.175149993896484375e+02 -2.770599937438964844e+01
5.749900054931640625e+01 1.114609985351562500e+02 -2.941600036621093750e+01
5.696699905395507812e+01 1.045169982910156250e+02 -3.163899993896484375e+01
5.696699905395507812e+01 1.045169982910156250e+02 -3.163899993896484375e+01
6.229100036621093750e+01 9.240899658203125000e+01 -2.890299987792968750e+01
6.672799682617187500e+01 8.902600097656250000e+01 -2.736400032043457031e+01
6.797000122070312500e+01 8.635500335693359375e+01 -2.685099983215332031e+01
7.063200378417968750e+01 8.226000213623046875e+01 -2.462700080871582031e+01
7.063200378417968750e+01 8.226000213623046875e+01 -2.462700080871582031e+01
6.743699645996093750e+01 7.941100311279296875e+01 -2.325900077819824219e+01
6.672799682617187500e+01 7.834300231933593750e+01 -2.291699981689453125e+01
6.655000305175781250e+01 7.495999908447265625e+01 -2.103599929809570312e+01
6.672799682617187500e+01 7.335800170898437500e+01 -1.915500068664550781e+01
6.424299621582031250e+01 7.086499786376953125e+01 -1.641799926757812500e+01
6.211299896240234375e+01 6.552300262451171875e+01 -1.265600013732910156e+01
6.211299896240234375e+01 6.552300262451171875e+01 -1.265600013732910156e+01
5.820899963378906250e+01 5.804499816894531250e+01 3.078000068664550781e+00
5.590200042724609375e+01 5.501800155639648438e+01 1.214299964904785156e+01
5.678900146484375000e+01 5.555199813842773438e+01 2.394300079345703125e+01
5.749900054931640625e+01 5.804499816894531250e+01 3.488899993896484375e+01
5.856399917602539062e+01 6.196200180053710938e+01 4.138800048828125000e+01
5.856399917602539062e+01 6.196200180053710938e+01 4.138800048828125000e+01
5.998400115966796875e+01 6.338700103759765625e+01 4.617699813842773438e+01
6.264599990844726562e+01 6.712599945068359375e+01 5.353099822998046875e+01
6.353300094604492188e+01 7.335800170898437500e+01 5.849000167846679688e+01
6.282300186157226562e+01 8.154799652099609375e+01 6.225299835205078125e+01
6.282300186157226562e+01 8.154799652099609375e+01 6.225299835205078125e+01
6.211299896240234375e+01 9.223100280761718750e+01 6.464700317382812500e+01
6.033900070190429688e+01 1.004219970703125000e+02 6.669899749755859375e+01
5.980599975585937500e+01 1.070100021362304688e+02 6.481800079345703125e+01
5.732199859619140625e+01 1.180490036010742188e+02 6.276599884033203125e+01
5.608000183105468750e+01 1.285540008544921875e+02 5.609600067138671875e+01
5.341799926757812500e+01 1.358540039062500000e+02 4.908399963378906250e+01
5.341799926757812500e+01 1.358540039062500000e+02 4.908399963378906250e+01
5.501499938964843750e+01 1.420859985351562500e+02 4.138800048828125000e+01
5.643399810791015625e+01 1.470709991455078125e+02 3.078400039672851562e+01
5.927399826049804688e+01 1.495639953613281250e+02 2.257500076293945312e+01
5.927399826049804688e+01 1.484960021972656250e+02 1.197200012207031250e+01
6.016099929809570312e+01 1.476060028076171875e+02 4.618000030517578125e+00
6.016099929809570312e+01 1.476060028076171875e+02 4.618000030517578125e+00
5.927399826049804688e+01 1.474270019531250000e+02 2.394000053405761719e+00
5.803200149536132812e+01 1.486739959716796875e+02 8.380000114440917969e+00
5.678900146484375000e+01 1.481399993896484375e+02 2.496999931335449219e+01
5.572499847412109375e+01 1.449349975585937500e+02 3.557300186157226562e+01
5.572499847412109375e+01 1.449349975585937500e+02 3.557300186157226562e+01
5.270800018310546875e+01 1.312250061035156250e+02 5.558300018310546875e+01
5.359500122070312500e+01 1.057630004882812500e+02 6.601499938964843750e+01
5.678900146484375000e+01 8.226000213623046875e+01 6.122700119018554688e+01
5.785400009155273438e+01 6.338700103759765625e+01 4.959700012207031250e+01
5.980599975585937500e+01 5.679899978637695312e+01 3.095499992370605469e+01
5.980599975585937500e+01 5.679899978637695312e+01 3.095499992370605469e+01
6.335599899291992188e+01 5.430599975585937500e+01 1.864200019836425781e+01
6.211299896240234375e+01 5.341600036621093750e+01 1.539200019836425781e+01
6.211299896240234375e+01 5.377199935913085938e+01 1.163000011444091797e+01
6.637300109863281250e+01 5.448400115966796875e+01 9.576999664306640625e+00
6.583999633789062500e+01 5.751100158691406250e+01 9.064000129699707031e+00
6.583999633789062500e+01 5.751100158691406250e+01 9.064000129699707031e+00
6.601799774169921875e+01 5.626499938964843750e+01 7.183000087738037109e+00
6.424299621582031250e+01 5.768899917602539062e+01 4.105000019073486328e+00
6.548500061035156250e+01 6.036000061035156250e+01 -5.130000114440917969e-01
6.566300201416015625e+01 6.587899780273437500e+01 -1.026099967956542969e+01
6.548500061035156250e+01 7.674099731445312500e+01 -1.966799926757812500e+01
6.548500061035156250e+01 7.674099731445312500e+01 -1.966799926757812500e+01
6.655000305175781250e+01 8.421900177001953125e+01 -2.514100074768066406e+01
6.726000213623046875e+01 9.419000244140625000e+01 -2.924500083923339844e+01
6.885700225830078125e+01 1.032699966430664062e+02 -2.873200035095214844e+01
6.938999938964843750e+01 1.038050003051757812e+02 -2.890299987792968750e+01
6.938999938964843750e+01 1.038050003051757812e+02 -2.890299987792968750e+01
6.672799682617187500e+01 1.043389968872070312e+02 -2.975799942016601562e+01
6.583999633789062500e+01 1.062969970703125000e+02 -3.095499992370605469e+01
6.406600189208984375e+01 1.073659973144531250e+02 -2.958699989318847656e+01
6.566300201416015625e+01 1.103929977416992188e+02 -2.907399940490722656e+01
6.548500061035156250e+01 1.127070007324218750e+02 -2.890299987792968750e+01
6.548500061035156250e+01 1.127070007324218750e+02 -2.890299987792968750e+01
6.530799865722656250e+01 1.207200012207031250e+02 -2.599600028991699219e+01
6.530799865722656250e+01 1.271289978027343750e+02 -2.428499984741210938e+01
6.424299621582031250e+01 1.349640045166015625e+02 -1.983900070190429688e+01
6.424299621582031250e+01 1.406609954833984375e+02 -9.918999671936035156e+00
6.158100128173828125e+01 1.465370025634765625e+02 5.130000114440917969e-01
6.158100128173828125e+01 1.465370025634765625e+02 5.130000114440917969e-01
5.980599975585937500e+01 1.476060028076171875e+02 4.618000030517578125e+00
5.998400115966796875e+01 1.484960021972656250e+02 8.550999641418457031e+00
5.998400115966796875e+01 1.488520050048828125e+02 1.847100067138671875e+01
5.874200057983398438e+01 1.472489929199218750e+02 2.890299987792968750e+01
5.838700103759765625e+01 1.422640075683593750e+02 4.258499908447265625e+01
5.838700103759765625e+01 1.422640075683593750e+02 4.258499908447265625e+01
5.803200149536132812e+01 1.312250061035156250e+02 5.489899826049804688e+01
5.678900146484375000e+01 1.217880020141601562e+02 6.088499832153320312e+01
5.803200149536132812e+01 1.173369979858398438e+02 6.174000167846679688e+01
5.732199859619140625e+01 1.169800033569335938e+02 6.345000076293945312e+01
5.483700180053710938e+01 1.141320037841796875e+02 6.447599792480468750e+01
5.483700180053710938e+01 1.141320037841796875e+02 6.447599792480468750e+01
5.128799819946289062e+01 1.091460037231445312e+02 6.481800079345703125e+01
4.986800003051757812e+01 1.052289962768554688e+02 6.687000274658203125e+01
4.986800003051757812e+01 1.052289962768554688e+02 6.687000274658203125e+01
4.738399887084960938e+01 9.739499664306640625e+01 6.721199798583984375e+01
4.702899932861328125e+01 9.347799682617187500e+01 6.618599700927734375e+01
4.702899932861328125e+01 9.347799682617187500e+01 6.618599700927734375e+01
4.454399871826171875e+01 9.276499938964843750e+01 6.481800079345703125e+01
3.957500076293945312e+01 8.955999755859375000e+01 6.413400268554687500e+01
3.212099838256835938e+01 8.813600158691406250e+01 5.968700027465820312e+01
2.945899963378906250e+01 8.510900115966796875e+01 5.814799880981445312e+01
2.750699996948242188e+01 8.315100097656250000e+01 5.489899826049804688e+01
2.750699996948242188e+01 8.315100097656250000e+01 5.489899826049804688e+01
2.644300079345703125e+01 7.958899688720703125e+01 5.250400161743164062e+01
2.484499931335449219e+01 7.834300231933593750e+01 4.857099914550781250e+01
2.360300064086914062e+01 7.353600311279296875e+01 4.326900100708007812e+01
2.413500022888183594e+01 7.086499786376953125e+01 4.002000045776367188e+01
2.413500022888183594e+01 7.086499786376953125e+01 4.002000045776367188e+01
2.431299972534179688e+01 6.748200225830078125e+01 3.642800140380859375e+01
2.697500038146972656e+01 6.445500183105468750e+01 3.044199943542480469e+01
3.052400016784667969e+01 6.018199920654296875e+01 2.428499984741210938e+01
3.549300003051757812e+01 5.733300018310546875e+01 2.189100074768066406e+01
4.028499984741210938e+01 5.608700180053710938e+01 1.727300071716308594e+01
4.649599838256835938e+01 5.484000015258789062e+01 1.231400012969970703e+01
4.649599838256835938e+01 5.484000015258789062e+01 1.231400012969970703e+01
5.430500030517578125e+01 5.519599914550781250e+01 8.550999641418457031e+00
6.406600189208984375e+01 5.537400054931640625e+01 5.644000053405761719e+00
6.672799682617187500e+01 5.519599914550781250e+01 6.841000080108642578e+00
6.726000213623046875e+01 5.501800155639648438e+01 9.406000137329101562e+00
6.583999633789062500e+01 5.537400054931640625e+01 1.077499961853027344e+01
6.583999633789062500e+01 5.537400054931640625e+01 1.077499961853027344e+01
6.495300292968750000e+01 5.448400115966796875e+01 1.060299968719482422e+01
6.477500152587890625e+01 5.608700180053710938e+01 7.012000083923339844e+00
6.406600189208984375e+01 5.466199874877929688e+01 9.748000144958496094e+00
6.850199890136718750e+01 5.448400115966796875e+01 1.470800018310546875e+01
6.850199890136718750e+01 5.448400115966796875e+01 1.470800018310546875e+01
7.116400146484375000e+01 5.501800155639648438e+01 1.829999923706054688e+01
6.885700225830078125e+01 5.448400115966796875e+01 2.462700080871582031e+01
6.353300094604492188e+01 5.519599914550781250e+01 3.112599945068359375e+01
5.838700103759765625e+01 5.501800155639648438e+01 3.574399948120117188e+01
5.395000076293945312e+01 5.626499938964843750e+01 4.036199951171875000e+01
5.395000076293945312e+01 5.626499938964843750e+01 4.036199951171875000e+01
4.951300048828125000e+01 5.715499877929687500e+01 4.258499908447265625e+01
4.543199920654296875e+01 6.018199920654296875e+01 4.480799865722656250e+01
4.241500091552734375e+01 6.213999938964843750e+01 4.497900009155273438e+01
4.081700134277343750e+01 6.267399978637695312e+01 4.480799865722656250e+01
3.762300109863281250e+01 6.231800079345703125e+01 4.343999862670898438e+01
3.691299819946289062e+01 6.018199920654296875e+01 3.830899810791015625e+01
3.691299819946289062e+01 6.018199920654296875e+01 3.830899810791015625e+01
3.442900085449218750e+01 5.733300018310546875e+01 2.838999938964843750e+01
3.496099853515625000e+01 5.679899978637695312e+01 1.932600021362304688e+01
3.531600189208984375e+01 5.893500137329101562e+01 9.064000129699707031e+00
3.371900177001953125e+01 5.840100097656250000e+01 1.026099967956542969e+01
3.371900177001953125e+01 5.840100097656250000e+01 1.026099967956542969e+01
3.478300094604492188e+01 5.804499816894531250e+01 1.949699974060058594e+01
3.922000122070312500e+01 5.572999954223632812e+01 3.095499992370605469e+01
4.418899917602539062e+01 5.822299957275390625e+01 4.019100189208984375e+01
5.306299972534179688e+01 6.036000061035156250e+01 4.532099914550781250e+01
6.104899978637695312e+01 5.840100097656250000e+01 4.549200057983398438e+01
7.222899627685546875e+01 6.036000061035156250e+01 3.950699996948242188e+01
7.222899627685546875e+01 6.036000061035156250e+01 3.950699996948242188e+01
8.127999877929687500e+01 6.125000000000000000e+01 2.736400032043457031e+01
7.915000152587890625e+01 6.089400100708007812e+01 1.539200019836425781e+01
7.506800079345703125e+01 5.857899856567382812e+01 7.696000099182128906e+00
6.441999816894531250e+01 5.715499877929687500e+01 4.960000038146972656e+00
6.441999816894531250e+01 5.715499877929687500e+01 4.960000038146972656e+00
5.572499847412109375e+01 5.804499816894531250e+01 2.736000061035156250e+00
4.560900115966796875e+01 6.036000061035156250e+01 2.565000057220458984e+00
3.868799972534179688e+01 6.231800079345703125e+01 3.763000011444091797e+00
3.655799865722656250e+01 6.089400100708007812e+01 6.157000064849853516e+00
3.158900070190429688e+01 6.231800079345703125e+01 9.918999671936035156e+00
3.158900070190429688e+01 6.231800079345703125e+01 9.918999671936035156e+00
2.466799926757812500e+01 6.463300323486328125e+01 1.487899971008300781e+01
2.005400085449218750e+01 6.890599822998046875e+01 2.069400024414062500e+01
1.739200019836425781e+01 7.300199890136718750e+01 2.838999938964843750e+01
1.614900016784667969e+01 7.531600189208984375e+01 3.198200035095214844e+01
1.614900016784667969e+01 7.531600189208984375e+01 3.198200035095214844e+01
1.916600036621093750e+01 7.371399688720703125e+01 3.420500183105468750e+01
1.987599945068359375e+01 7.691899871826171875e+01 4.036199951171875000e+01
2.094099998474121094e+01 7.584999847412109375e+01 4.343999862670898438e+01
2.165099906921386719e+01 7.371399688720703125e+01 4.070399856567382812e+01
2.271599960327148438e+01 7.015299987792968750e+01 4.104600143432617188e+01
2.271599960327148438e+01 7.015299987792968750e+01 4.104600143432617188e+01
2.839500045776367188e+01 6.694799804687500000e+01 3.933599853515625000e+01
2.804000091552734375e+01 6.694799804687500000e+01 4.241400146484375000e+01
3.141200065612792969e+01 6.926200103759765625e+01 4.634799957275390625e+01
3.513800048828125000e+01 6.979699707031250000e+01 5.233300018310546875e+01
4.099499893188476562e+01 7.318000030517578125e+01 5.660900115966796875e+01
4.099499893188476562e+01 7.318000030517578125e+01 5.660900115966796875e+01
4.898099899291992188e+01 7.264499664306640625e+01 6.020000076293945312e+01
5.324000167846679688e+01 7.050900268554687500e+01 5.746400070190429688e+01
5.856399917602539062e+01 6.623600006103515625e+01 5.506999969482421875e+01
6.548500061035156250e+01 6.142800140380859375e+01 4.737400054931640625e+01
7.382599639892578125e+01 5.947000122070312500e+01 3.625699996948242188e+01
7.382599639892578125e+01 5.947000122070312500e+01 3.625699996948242188e+01
7.560099792480468750e+01 5.626499938964843750e+01 2.394300079345703125e+01
7.755300140380859375e+01 5.751100158691406250e+01 1.761499977111816406e+01
7.684300231933593750e+01 6.107199859619140625e+01 7.696000099182128906e+00
7.134200286865234375e+01 6.303099822998046875e+01 -2.736000061035156250e+00
7.134200286865234375e+01 6.303099822998046875e+01 -2.736000061035156250e+00
6.814700317382812500e+01 6.730400085449218750e+01 -1.060299968719482422e+01
6.371099853515625000e+01 7.068699645996093750e+01 -1.658900070190429688e+01
5.838700103759765625e+01 7.175499725341796875e+01 -1.761499977111816406e+01
5.696699905395507812e+01 7.246700286865234375e+01 -1.795800018310546875e+01
5.501499938964843750e+01 7.300199890136718750e+01 -1.915500068664550781e+01
5.501499938964843750e+01 7.300199890136718750e+01 -1.915500068664550781e+01
5.714400100708007812e+01 7.478199768066406250e+01 -2.120700073242187500e+01
5.111000061035156250e+01 7.620600128173828125e+01 -2.052300071716308594e+01
4.791600036621093750e+01 7.620600128173828125e+01 -1.881299972534179688e+01
3.993000030517578125e+01 7.923300170898437500e+01 -1.829999923706054688e+01
3.496099853515625000e+01 7.958899688720703125e+01 -1.658900070190429688e+01
3.496099853515625000e+01 7.958899688720703125e+01 -1.658900070190429688e+01
3.141200065612792969e+01 8.208200073242187500e+01 -1.522099971771240234e+01
2.626499938964843750e+01 8.475299835205078125e+01 -1.197200012207031250e+01
2.111899948120117188e+01 8.493099975585937500e+01 -7.696000099182128906e+00
2.058600044250488281e+01 8.475299835205078125e+01 -4.789000034332275391e+00
1.490699958801269531e+01 8.902600097656250000e+01 -3.420000076293945312e-01
1.490699958801269531e+01 8.902600097656250000e+01 -3.420000076293945312e-01
9.583000183105468750e+00 9.330000305175781250e+01 8.208999633789062500e+00
8.340999603271484375e+00 9.490200042724609375e+01 1.966799926757812500e+01
1.011600017547607422e+01 9.419000244140625000e+01 3.437599945068359375e+01
1.526200008392333984e+01 8.973799896240234375e+01 4.480799865722656250e+01
1.526200008392333984e+01 8.973799896240234375e+01 4.480799865722656250e+01
2.165099906921386719e+01 8.439700317382812500e+01 5.096500015258789062e+01
2.999200057983398438e+01 7.887699890136718750e+01 5.592499923706054688e+01
4.188199996948242188e+01 7.478199768066406250e+01 5.951599884033203125e+01
5.874200057983398438e+01 7.531600189208984375e+01 6.037200164794921875e+01
7.187400054931640625e+01 7.460399627685546875e+01 5.763499832153320312e+01
7.187400054931640625e+01 7.460399627685546875e+01 5.763499832153320312e+01
7.506800079345703125e+01 7.139900207519531250e+01 5.421500015258789062e+01
8.145700073242187500e+01 6.819400024414062500e+01 4.361100006103515625e+01
8.837799835205078125e+01 6.374300003051757812e+01 2.462700080871582031e+01
8.394200134277343750e+01 6.676999664306640625e+01 5.130000114440917969e-01
7.329399871826171875e+01 7.246700286865234375e+01 -1.590499973297119141e+01
7.329399871826171875e+01 7.246700286865234375e+01 -1.590499973297119141e+01
5.785400009155273438e+01 7.584999847412109375e+01 -2.086499977111816406e+01
4.117200088500976562e+01 8.083599853515625000e+01 -2.189100074768066406e+01
2.999200057983398438e+01 8.421900177001953125e+01 -1.761499977111816406e+01
2.218300056457519531e+01 8.884799957275390625e+01 -1.282699966430664062e+01
1.490699958801269531e+01 9.828500366210937500e+01 -5.473000049591064453e+00
1.490699958801269531e+01 9.828500366210937500e+01 -5.473000049591064453e+00
9.760999679565429688e+00 1.116389999389648438e+02 4.618000030517578125e+00
1.224499988555908203e+01 1.205419998168945312e+02 1.316899967193603516e+01
1.047099971771240234e+01 1.173369979858398438e+02 1.487899971008300781e+01
7.986000061035156250e+00 1.070100021362304688e+02 1.761499977111816406e+01
8.163000106811523438e+00 9.223100280761718750e+01 1.607600021362304688e+01
8.163000106811523438e+00 9.223100280761718750e+01 1.607600021362304688e+01
1.348700046539306641e+01 8.154799652099609375e+01 1.231400012969970703e+01
2.360300064086914062e+01 6.570099639892578125e+01 1.214299964904785156e+01
2.360300064086914062e+01 6.570099639892578125e+01 1.214299964904785156e+01
6.371099853515625000e+01 5.430599975585937500e+01 2.958699989318847656e+01
7.737599945068359375e+01 6.160599899291992188e+01 4.002000045776367188e+01
7.737599945068359375e+01 6.160599899291992188e+01 4.002000045776367188e+01
8.713600158691406250e+01 7.495999908447265625e+01 4.703200149536132812e+01
8.997599792480468750e+01 8.920400238037109375e+01 5.079399871826171875e+01
9.245999908447265625e+01 1.066529998779296875e+02 5.079399871826171875e+01
9.210500335693359375e+01 1.205419998168945312e+02 4.566299819946289062e+01
8.855599975585937500e+01 1.312250061035156250e+02 4.190100097656250000e+01
8.855599975585937500e+01 1.312250061035156250e+02 4.190100097656250000e+01
7.986000061035156250e+01 1.403049926757812500e+02 3.625699996948242188e+01
7.063200378417968750e+01 1.474270019531250000e+02 3.112599945068359375e+01
6.122600173950195312e+01 1.515229949951171875e+02 2.445599937438964844e+01
5.270800018310546875e+01 1.529470062255859375e+02 1.658900070190429688e+01
5.270800018310546875e+01 1.529470062255859375e+02 1.658900070190429688e+01
4.347900009155273438e+01 1.511670074462890625e+02 1.556299972534179688e+01
3.442900085449218750e+01 1.452910003662109375e+02 1.539200019836425781e+01
2.679700088500976562e+01 1.401269989013671875e+02 1.693099975585937500e+01
1.650399971008300781e+01 1.322929992675781250e+02 1.966799926757812500e+01
1.135799980163574219e+01 1.132409973144531250e+02 2.633799934387207031e+01
1.135799980163574219e+01 1.132409973144531250e+02 2.633799934387207031e+01
9.937999725341796875e+00 9.365599822998046875e+01 3.523099899291992188e+01
1.685899925231933594e+01 8.279399871826171875e+01 4.053300094604492188e+01
2.360300064086914062e+01 7.567199707031250000e+01 4.566299819946289062e+01
3.478300094604492188e+01 7.264499664306640625e+01 5.130699920654296875e+01
3.886500167846679688e+01 7.139900207519531250e+01 5.147800064086914062e+01
3.886500167846679688e+01 7.139900207519531250e+01 5.147800064086914062e+01
3.815499877929687500e+01 6.855000305175781250e+01 4.976800155639648438e+01
3.460599899291992188e+01 6.926200103759765625e+01 4.703200149536132812e+01
3.070199966430664062e+01 7.068699645996093750e+01 4.497900009155273438e+01
2.466799926757812500e+01 7.460399627685546875e+01 4.497900009155273438e+01
2.076399993896484375e+01 8.030200195312500000e+01 4.292699813842773438e+01
2.076399993896484375e+01 8.030200195312500000e+01 4.292699813842773438e+01
1.402000045776367188e+01 8.742400360107421875e+01 3.916500091552734375e+01
9.406000137329101562e+00 9.668299865722656250e+01 3.471799850463867188e+01
9.583000183105468750e+00 1.079000015258789062e+02 3.180999946594238281e+01
1.597200012207031250e+01 1.242809982299804688e+02 3.352099990844726562e+01
1.597200012207031250e+01 1.242809982299804688e+02 3.352099990844726562e+01
2.679700088500976562e+01 1.358540039062500000e+02 3.506000137329101562e+01
3.283100128173828125e+01 1.401269989013671875e+02 3.403400039672851562e+01
3.265399932861328125e+01 1.413739929199218750e+02 3.454700088500976562e+01
3.762300109863281250e+01 1.410180053710937500e+02 3.557300186157226562e+01
3.584799957275390625e+01 1.385249938964843750e+02 3.967800140380859375e+01
3.584799957275390625e+01 1.385249938964843750e+02 3.967800140380859375e+01
3.531600189208984375e+01 1.358540039062500000e+02 4.361100006103515625e+01
4.188199996948242188e+01 1.371000061035156250e+02 4.720299911499023438e+01
4.454399871826171875e+01 1.383470001220703125e+02 4.668999862670898438e+01
4.472200012207031250e+01 1.349640045166015625e+02 5.130699920654296875e+01
5.004600143432617188e+01 1.335390014648437500e+02 5.575400161743164062e+01
5.004600143432617188e+01 1.335390014648437500e+02 5.575400161743164062e+01
5.643399810791015625e+01 1.289100036621093750e+02 5.849000167846679688e+01
6.158100128173828125e+01 1.198290023803710938e+02 6.276599884033203125e+01
6.885700225830078125e+01 1.082559967041015625e+02 6.430500030517578125e+01
7.311599731445312500e+01 9.757299804687500000e+01 6.498899841308593750e+01
7.471399688720703125e+01 8.386299896240234375e+01 6.139799880981445312e+01
7.471399688720703125e+01 8.386299896240234375e+01 6.139799880981445312e+01
7.293900299072265625e+01 7.104299926757812500e+01 5.455699920654296875e+01
6.761499786376953125e+01 6.142800140380859375e+01 4.532099914550781250e+01
6.388800048828125000e+01 5.662099838256835938e+01 3.557300186157226562e+01
5.909600067138671875e+01 5.323799896240234375e+01 2.616699981689453125e+01
5.164300155639648438e+01 5.288199996948242188e+01 1.829999923706054688e+01
5.164300155639648438e+01 5.288199996948242188e+01 1.829999923706054688e+01
4.330199813842773438e+01 5.555199813842773438e+01 1.128800010681152344e+01
3.726800155639648438e+01 6.018199920654296875e+01 2.052000045776367188e+00
3.283100128173828125e+01 6.712599945068359375e+01 -2.565000057220458984e+00
2.697500038146972656e+01 6.908399963378906250e+01 -2.052000045776367188e+00
2.289299964904785156e+01 7.531600189208984375e+01 -5.130000114440917969e-01
2.289299964904785156e+01 7.531600189208984375e+01 -5.130000114440917969e-01
2.076399993896484375e+01 7.674099731445312500e+01 -1.710000038146972656e-01
2.058600044250488281e+01 7.549400329589843750e+01 1.026000022888183594e+00
1.881100082397460938e+01 7.656300354003906250e+01 2.394000053405761719e+00
1.827899932861328125e+01 8.030200195312500000e+01 8.550000190734863281e-01
1.685899925231933594e+01 8.350700378417968750e+01 5.130000114440917969e-01
1.685899925231933594e+01 8.350700378417968750e+01 5.130000114440917969e-01
1.402000045776367188e+01 8.991699981689453125e+01 -5.130000114440917969e-01
1.331000041961669922e+01 8.777999877929687500e+01 8.550000190734863281e-01
1.331000041961669922e+01 8.991699981689453125e+01 -1.197000026702880859e+00
1.260000038146972656e+01 9.775099945068359375e+01 -1.710000038146972656e-01
1.260000038146972656e+01 9.775099945068359375e+01 -1.710000038146972656e-01
1.189000034332275391e+01 1.013119964599609375e+02 -5.130000114440917969e-01
1.242300033569335938e+01 1.057630004882812500e+02 1.710000038146972656e+00
1.029300022125244141e+01 1.118170013427734375e+02 3.763000011444091797e+00
1.543999958038330078e+01 1.194729995727539062e+02 4.960000038146972656e+00
1.543999958038330078e+01 1.283760070800781250e+02 1.214299964904785156e+01
1.543999958038330078e+01 1.283760070800781250e+02 1.214299964904785156e+01
2.005400085449218750e+01 1.312250061035156250e+02 1.932600021362304688e+01
2.005400085449218750e+01 1.315809936523437500e+02 2.719300079345703125e+01
1.508500003814697266e+01 1.173369979858398438e+02 3.642800140380859375e+01
1.455200004577636719e+01 9.828500366210937500e+01 4.378200149536132812e+01
1.987599945068359375e+01 7.763099670410156250e+01 4.720299911499023438e+01
1.987599945068359375e+01 7.763099670410156250e+01 4.720299911499023438e+01
4.063999938964843750e+01 6.000400161743164062e+01 4.258499908447265625e+01
5.661199951171875000e+01 5.715499877929687500e+01 4.190100097656250000e+01
5.395000076293945312e+01 6.231800079345703125e+01 5.028099822998046875e+01
3.850999832153320312e+01 7.318000030517578125e+01 5.626699829101562500e+01
2.236100006103515625e+01 8.831400299072265625e+01 5.164899826049804688e+01
2.236100006103515625e+01 8.831400299072265625e+01 5.164899826049804688e+01
1.171300029754638672e+01 1.057630004882812500e+02 4.002000045776367188e+01
1.508500003814697266e+01 1.280200042724609375e+02 2.719300079345703125e+01
2.289299964904785156e+01 1.369219970703125000e+02 2.274600028991699219e+01
2.804000091552734375e+01 1.381690063476562500e+02 2.633799934387207031e+01
1.863400077819824219e+01 1.319369964599609375e+02 2.992900085449218750e+01
1.863400077819824219e+01 1.319369964599609375e+02 2.992900085449218750e+01
1.082499980926513672e+01 1.166240005493164062e+02 3.061300086975097656e+01
6.743999958038330078e+00 9.436799621582031250e+01 2.702199935913085938e+01
1.898900032043457031e+01 6.783799743652343750e+01 2.445599937438964844e+01
4.436700057983398438e+01 5.270399856567382812e+01 2.086499977111816406e+01
7.134200286865234375e+01 5.341600036621093750e+01 1.744400024414062500e+01
7.134200286865234375e+01 5.341600036621093750e+01 1.744400024414062500e+01
9.015299987792968750e+01 6.481099700927734375e+01 2.223299980163574219e+01
9.849400329589843750e+01 7.709700012207031250e+01 2.890299987792968750e+01
9.316999816894531250e+01 7.709700012207031250e+01 3.779600143432617188e+01
7.364900207519531250e+01 6.890599822998046875e+01 5.147800064086914062e+01
4.809400177001953125e+01 6.676999664306640625e+01 5.181999969482421875e+01
4.809400177001953125e+01 6.676999664306640625e+01 5.181999969482421875e+01
2.875000000000000000e+01 7.122100067138671875e+01 4.686100006103515625e+01
1.366499996185302734e+01 8.243800354003906250e+01 4.019100189208984375e+01
7.631000041961669922e+00 9.881900024414062500e+01 2.856100082397460938e+01
9.227999687194824219e+00 1.164459991455078125e+02 2.018099975585937500e+01
9.227999687194824219e+00 1.164459991455078125e+02 2.018099975585937500e+01
1.739200019836425781e+01 1.292660064697265625e+02 1.915500068664550781e+01
2.590999984741210938e+01 1.363880004882812500e+02 2.428499984741210938e+01
2.236100006103515625e+01 1.338950042724609375e+02 2.941600036621093750e+01
1.277799987792968750e+01 1.196510009765625000e+02 3.352099990844726562e+01
8.696000099182128906e+00 9.775099945068359375e+01 3.027099990844726562e+01
1.384200000762939453e+01 7.656300354003906250e+01 2.633799934387207031e+01
1.384200000762939453e+01 7.656300354003906250e+01 2.633799934387207031e+01
2.963699913024902344e+01 5.857899856567382812e+01 2.479800033569335938e+01
5.359500122070312500e+01 5.199100112915039062e+01 2.599600028991699219e+01
7.631099700927734375e+01 5.768899917602539062e+01 2.531200027465820312e+01
9.512200164794921875e+01 7.193299865722656250e+01 2.394300079345703125e+01
1.009789962768554688e+02 8.635500335693359375e+01 2.856100082397460938e+01
1.009789962768554688e+02 8.635500335693359375e+01 2.856100082397460938e+01
1.008010025024414062e+02 9.294300079345703125e+01 3.591500091552734375e+01
9.547699737548828125e+01 8.582099914550781250e+01 4.549200057983398438e+01
8.198999786376953125e+01 7.584999847412109375e+01 5.062300109863281250e+01
6.051599884033203125e+01 6.748200225830078125e+01 5.318799972534179688e+01
6.051599884033203125e+01 6.748200225830078125e+01 5.318799972534179688e+01
3.602600097656250000e+01 6.890599822998046875e+01 5.147800064086914062e+01
1.632699966430664062e+01 8.546499633789062500e+01 4.549200057983398438e+01
8.696000099182128906e+00 1.030920028686523438e+02 3.574399948120117188e+01
1.047099971771240234e+01 1.176930007934570312e+02 2.582500076293945312e+01
1.703700065612792969e+01 1.292660064697265625e+02 2.086499977111816406e+01
1.703700065612792969e+01 1.292660064697265625e+02 2.086499977111816406e+01
2.431299972534179688e+01 1.372779998779296875e+02 2.137800025939941406e+01
2.821699905395507812e+01 1.401269989013671875e+02 2.103599929809570312e+01
2.662000083923339844e+01 1.406609954833984375e+02 1.881299972534179688e+01
1.632699966430664062e+01 1.310469970703125000e+02 1.676000022888183594e+01
7.631000041961669922e+00 1.116389999389648438e+02 1.829999923706054688e+01
7.631000041961669922e+00 1.116389999389648438e+02 1.829999923706054688e+01
7.986000061035156250e+00 8.920400238037109375e+01 1.864200019836425781e+01
2.076399993896484375e+01 6.570099639892578125e+01 1.522099971771240234e+01
4.294699859619140625e+01 5.412799835205078125e+01 1.163000011444091797e+01
6.672799682617187500e+01 5.341600036621093750e+01 1.163000011444091797e+01
8.607099914550781250e+01 6.249599838256835938e+01 1.316899967193603516e+01
8.607099914550781250e+01 6.249599838256835938e+01 1.316899967193603516e+01
9.601000213623046875e+01 7.282299804687500000e+01 1.624699974060058594e+01
1.009789962768554688e+02 8.030200195312500000e+01 1.556299972534179688e+01
1.018659973144531250e+02 8.261599731445312500e+01 1.505000019073486328e+01
1.038180007934570312e+02 8.884799957275390625e+01 1.487899971008300781e+01
1.038180007934570312e+02 8.884799957275390625e+01 1.487899971008300781e+01
1.075449981689453125e+02 9.543599700927734375e+01 1.573400020599365234e+01
1.063030014038085938e+02 9.846299743652343750e+01 1.795800018310546875e+01
1.070120010375976562e+02 1.002440032958984375e+02 2.035199928283691406e+01
1.052379989624023438e+02 9.775099945068359375e+01 2.924500083923339844e+01
9.867199707031250000e+01 9.187500000000000000e+01 4.070399856567382812e+01
9.867199707031250000e+01 9.187500000000000000e+01 4.070399856567382812e+01
8.837799835205078125e+01 8.475299835205078125e+01 5.404399871826171875e+01
7.045400238037109375e+01 7.780899810791015625e+01 5.968700027465820312e+01
5.572499847412109375e+01 7.549400329589843750e+01 6.293700027465820312e+01
3.673600006103515625e+01 8.137000274658203125e+01 6.139799880981445312e+01
1.863400077819824219e+01 9.347799682617187500e+01 5.216199874877929688e+01
1.863400077819824219e+01 9.347799682617187500e+01 5.216199874877929688e+01
9.583000183105468750e+00 1.061190032958984375e+02 3.557300186157226562e+01
9.227999687194824219e+00 1.164459991455078125e+02 1.983900070190429688e+01
1.331000041961669922e+01 1.233899993896484375e+02 1.145899963378906250e+01
1.827899932861328125e+01 1.301560058593750000e+02 1.077499961853027344e+01
1.650399971008300781e+01 1.294440002441406250e+02 1.316899967193603516e+01
1.650399971008300781e+01 1.294440002441406250e+02 1.316899967193603516e+01
1.313300037384033203e+01 1.246370010375976562e+02 1.470800018310546875e+01
9.583000183105468750e+00 1.118170013427734375e+02 1.265600013732910156e+01
6.210999965667724609e+00 9.846299743652343750e+01 9.748000144958496094e+00
1.260000038146972656e+01 8.172599792480468750e+01 7.696000099182128906e+00
1.260000038146972656e+01 8.172599792480468750e+01 7.696000099182128906e+00
2.378100013732910156e+01 6.694799804687500000e+01 8.892999649047851562e+00
3.850999832153320312e+01 5.608700180053710938e+01 1.009000015258789062e+01
5.554700088500976562e+01 5.323799896240234375e+01 1.282699966430664062e+01
6.814700317382812500e+01 5.270399856567382812e+01 1.778700065612792969e+01
8.198999786376953125e+01 5.947000122070312500e+01 2.052300071716308594e+01
8.198999786376953125e+01 5.947000122070312500e+01 2.052300071716308594e+01
8.962100219726562500e+01 6.676999664306640625e+01 2.137800025939941406e+01
9.530000305175781250e+01 7.353600311279296875e+01 2.035199928283691406e+01
1.000910034179687500e+02 8.048000335693359375e+01 2.120700073242187500e+01
1.027529983520507812e+02 8.706800079345703125e+01 2.890299987792968750e+01
9.742900085449218750e+01 8.955999755859375000e+01 4.292699813842773438e+01
8.340899658203125000e+01 9.009500122070312500e+01 5.746400070190429688e+01
8.340899658203125000e+01 9.009500122070312500e+01 5.746400070190429688e+01
6.512999725341796875e+01 8.813600158691406250e+01 6.516000366210937500e+01
4.454399871826171875e+01 9.454599761962890625e+01 6.618599700927734375e+01
2.732999992370605469e+01 9.757299804687500000e+01 6.020000076293945312e+01
1.739200019836425781e+01 1.029140014648437500e+02 4.993899917602539062e+01
1.739200019836425781e+01 1.029140014648437500e+02 4.993899917602539062e+01
1.100300025939941406e+01 1.075439987182617188e+02 3.796699905395507812e+01
8.163000106811523438e+00 1.093239974975585938e+02 2.873200035095214844e+01
8.873000144958496094e+00 1.118170013427734375e+02 2.018099975585937500e+01
6.921000003814697266e+00 1.130630035400390625e+02 1.829999923706054688e+01
8.517999649047851562e+00 1.135970001220703125e+02 2.154899978637695312e+01
8.517999649047851562e+00 1.135970001220703125e+02 2.154899978637695312e+01
9.760999679565429688e+00 1.130630035400390625e+02 2.069400024414062500e+01
9.937999725341796875e+00 1.146660003662109375e+02 1.231400012969970703e+01
1.206799983978271484e+01 1.118170013427734375e+02 3.078000068664550781e+00
1.419699954986572266e+01 1.079000015258789062e+02 -5.473000049591064453e+00
1.437500000000000000e+01 1.127070007324218750e+02 -3.934000015258789062e+00
1.437500000000000000e+01 1.127070007324218750e+02 -3.934000015258789062e+00
1.402000045776367188e+01 1.176930007934570312e+02 1.710000038146972656e-01
9.760999679565429688e+00 1.180490036010742188e+02 1.351099967956542969e+01
7.986000061035156250e+00 1.137760009765625000e+02 2.069400024414062500e+01
7.986000061035156250e+00 1.112829971313476562e+02 2.343000030517578125e+01
8.163000106811523438e+00 1.068310012817382812e+02 2.599600028991699219e+01
8.163000106811523438e+00 1.068310012817382812e+02 2.599600028991699219e+01
7.098999977111816406e+00 1.011340026855468750e+02 2.702199935913085938e+01
7.631000041961669922e+00 9.917500305175781250e+01 3.095499992370605469e+01
8.696000099182128906e+00 9.240899658203125000e+01 3.540200042724609375e+01
1.206799983978271484e+01 8.688999938964843750e+01 3.591500091552734375e+01
1.206799983978271484e+01 8.688999938964843750e+01 3.591500091552734375e+01
1.597200012207031250e+01 8.012400054931640625e+01 3.454700088500976562e+01
1.419699954986572266e+01 8.226000213623046875e+01 3.659899902343750000e+01
1.082499980926513672e+01 9.134100341796875000e+01 3.984899902343750000e+01
1.029300022125244141e+01 1.039830017089843750e+02 3.796699905395507812e+01
8.340999603271484375e+00 1.091460037231445312e+02 3.061300086975097656e+01
8.340999603271484375e+00 1.091460037231445312e+02 3.061300086975097656e+01
8.873000144958496094e+00 1.111050033569335938e+02 2.496999931335449219e+01
1.011600017547607422e+01 1.162679977416992188e+02 2.069400024414062500e+01
1.295499992370605469e+01 1.223219985961914062e+02 1.180099964141845703e+01
1.455200004577636719e+01 1.228560028076171875e+02 1.710000038146972656e+00
1.490699958801269531e+01 1.200070037841796875e+02 -3.420000076293945312e-01
1.490699958801269531e+01 1.200070037841796875e+02 -3.420000076293945312e-01
1.402000045776367188e+01 1.201849975585937500e+02 8.550000190734863281e-01
1.490699958801269531e+01 1.175149993896484375e+02 -2.736000061035156250e+00
1.614900016784667969e+01 1.087900009155273438e+02 -5.986000061035156250e+00
1.455200004577636719e+01 9.614800262451171875e+01 -5.131000041961669922e+00
1.313300037384033203e+01 9.294300079345703125e+01 -3.078000068664550781e+00
1.313300037384033203e+01 9.294300079345703125e+01 -3.078000068664550781e+00
1.189000034332275391e+01 8.991699981689453125e+01 -1.539000034332275391e+00
1.597200012207031250e+01 8.297200012207031250e+01 -3.420000076293945312e-01
1.668199920654296875e+01 7.941100311279296875e+01 1.368000030517578125e+00
1.721400070190429688e+01 8.315100097656250000e+01 -3.592000007629394531e+00
1.721400070190429688e+01 8.315100097656250000e+01 -3.592000007629394531e+00
1.614900016784667969e+01 9.312100219726562500e+01 -5.644000053405761719e+00
1.614900016784667969e+01 9.988700103759765625e+01 -7.012000083923339844e+00
1.526200008392333984e+01 1.061190032958984375e+02 -4.789000034332275391e+00
1.331000041961669922e+01 1.155559997558593750e+02 -2.223000049591064453e+00
1.402000045776367188e+01 1.212539978027343750e+02 2.565000057220458984e+00
1.348700046539306641e+01 1.253489990234375000e+02 9.918999671936035156e+00
1.348700046539306641e+01 1.253489990234375000e+02 9.918999671936035156e+00
1.508500003814697266e+01 1.273079986572265625e+02 2.514100074768066406e+01
1.792399978637695312e+01 1.280200042724609375e+02 3.574399948120117188e+01
2.590999984741210938e+01 1.271289978027343750e+02 4.343999862670898438e+01
3.141200065612792969e+01 1.280200042724609375e+02 4.942599868774414062e+01
3.141200065612792969e+01 1.280200042724609375e+02 4.942599868774414062e+01
3.567100143432617188e+01 1.198290023803710938e+02 5.660900115966796875e+01
4.152700042724609375e+01 1.046949996948242188e+02 6.464700317382812500e+01
4.560900115966796875e+01 1.062969970703125000e+02 6.618599700927734375e+01
4.507699966430664062e+01 1.125289993286132812e+02 6.430500030517578125e+01
4.117200088500976562e+01 1.164459991455078125e+02 6.088499832153320312e+01
4.117200088500976562e+01 1.164459991455078125e+02 6.088499832153320312e+01
3.123399925231933594e+01 1.185830001831054688e+02 5.883200073242187500e+01
2.448999977111816406e+01 1.157340011596679688e+02 5.267499923706054688e+01
2.058600044250488281e+01 1.114609985351562500e+02 5.096500015258789062e+01
1.739200019836425781e+01 1.082559967041015625e+02 4.549200057983398438e+01
1.189000034332275391e+01 1.009560012817382812e+02 4.087500000000000000e+01
1.295499992370605469e+01 9.062899780273437500e+01 3.984899902343750000e+01
1.295499992370605469e+01 9.062899780273437500e+01 3.984899902343750000e+01
1.632699966430664062e+01 8.368499755859375000e+01 4.207199859619140625e+01
2.395800018310546875e+01 7.531600189208984375e+01 4.566299819946289062e+01
3.709099960327148438e+01 7.033100128173828125e+01 5.079399871826171875e+01
4.880300140380859375e+01 7.104299926757812500e+01 5.763499832153320312e+01
4.880300140380859375e+01 7.104299926757812500e+01 5.763499832153320312e+01
5.820899963378906250e+01 7.478199768066406250e+01 6.054299926757812500e+01
6.140399932861328125e+01 7.584999847412109375e+01 5.985800170898437500e+01
5.927399826049804688e+01 7.371399688720703125e+01 5.917399978637695312e+01
5.519200134277343750e+01 6.534500122070312500e+01 4.942599868774414062e+01
4.241500091552734375e+01 5.786700057983398438e+01 4.224300003051757812e+01
4.241500091552734375e+01 5.786700057983398438e+01 4.224300003051757812e+01
2.608799934387207031e+01 6.392100143432617188e+01 2.787700080871582031e+01
1.348700046539306641e+01 7.656300354003906250e+01 1.915500068664550781e+01
7.453999996185302734e+00 9.686100006103515625e+01 1.744400024414062500e+01
7.986000061035156250e+00 1.123509979248046875e+02 1.966799926757812500e+01
1.224499988555908203e+01 1.187610015869140625e+02 2.479800033569335938e+01
1.224499988555908203e+01 1.187610015869140625e+02 2.479800033569335938e+01
1.277799987792968750e+01 1.217880020141601562e+02 3.010000038146972656e+01
1.543999958038330078e+01 1.208980026245117188e+02 3.711199951171875000e+01
2.182799911499023438e+01 1.230339965820312500e+02 4.395299911499023438e+01
2.573299980163574219e+01 1.255270004272460938e+02 4.942599868774414062e+01
3.016900062561035156e+01 1.221439971923828125e+02 5.199100112915039062e+01
3.016900062561035156e+01 1.221439971923828125e+02 5.199100112915039062e+01
2.981399917602539062e+01 1.210759963989257812e+02 5.336000061035156250e+01
2.910499954223632812e+01 1.185830001831054688e+02 5.404399871826171875e+01
2.804000091552734375e+01 1.011340026855468750e+02 5.917399978637695312e+01
3.176700019836425781e+01 8.528700256347656250e+01 5.866099929809570312e+01
3.176700019836425781e+01 8.528700256347656250e+01 5.866099929809570312e+01
3.549300003051757812e+01 7.941100311279296875e+01 5.883200073242187500e+01
4.170500183105468750e+01 8.386299896240234375e+01 6.105599975585937500e+01
4.933599853515625000e+01 8.760199737548828125e+01 6.635700225830078125e+01
6.122600173950195312e+01 8.849199676513671875e+01 6.379199981689453125e+01
7.453600311279296875e+01 9.508000183105468750e+01 6.225299835205078125e+01
7.453600311279296875e+01 9.508000183105468750e+01 6.225299835205078125e+01
8.269999694824218750e+01 1.029140014648437500e+02 5.746400070190429688e+01
8.837799835205078125e+01 1.050510025024414062e+02 5.336000061035156250e+01
9.175000000000000000e+01 1.116389999389648438e+02 4.942599868774414062e+01
9.316999816894531250e+01 1.159120025634765625e+02 4.668999862670898438e+01
9.050800323486328125e+01 1.178710021972656250e+02 4.788700103759765625e+01
9.050800323486328125e+01 1.178710021972656250e+02 4.788700103759765625e+01
8.394200134277343750e+01 1.144879989624023438e+02 5.695100021362304688e+01
6.832499694824218750e+01 1.080780029296875000e+02 6.413400268554687500e+01
4.543199920654296875e+01 1.022020034790039062e+02 6.533100128173828125e+01
2.875000000000000000e+01 1.007779998779296875e+02 5.951599884033203125e+01
2.875000000000000000e+01 1.007779998779296875e+02 5.951599884033203125e+01
2.875000000000000000e+01 1.007779998779296875e+02 5.951599884033203125e+01
7.809000015258789062e+00 1.057630004882812500e+02 3.078400039672851562e+01
8.696000099182128906e+00 1.027360000610351562e+02 8.380000114440917969e+00
1.810199928283691406e+01 9.935299682617187500e+01 -1.163000011444091797e+01
2.502300071716308594e+01 1.027360000610351562e+02 -1.932600021362304688e+01
2.502300071716308594e+01 1.027360000610351562e+02 -1.932600021362304688e+01
2.945899963378906250e+01 1.146660003662109375e+02 -2.189100074768066406e+01
4.081700134277343750e+01 1.225000000000000000e+02 -2.599600028991699219e+01
5.217499923706054688e+01 1.246370010375976562e+02 -3.078400039672851562e+01
5.838700103759765625e+01 1.255270004272460938e+02 -2.787700080871582031e+01
6.797000122070312500e+01 1.283760070800781250e+02 -2.308799934387207031e+01
6.797000122070312500e+01 1.283760070800781250e+02 -2.308799934387207031e+01
6.903500366210937500e+01 1.362100067138671875e+02 -1.829999923706054688e+01
6.779199981689453125e+01 1.445789947509765625e+02 -5.131000041961669922e+00
6.211299896240234375e+01 1.499199981689453125e+02 1.539200019836425781e+01
6.175799942016601562e+01 1.445789947509765625e+02 3.796699905395507812e+01
6.016099929809570312e+01 1.340740051269531250e+02 5.353099822998046875e+01
6.016099929809570312e+01 1.340740051269531250e+02 5.353099822998046875e+01
5.767699813842773438e+01 1.198290023803710938e+02 6.276599884033203125e+01
5.554700088500976562e+01 1.045169982910156250e+02 6.687000274658203125e+01
5.341799926757812500e+01 8.671199798583984375e+01 6.618599700927734375e+01
4.827099990844726562e+01 7.335800170898437500e+01 5.917399978637695312e+01
4.401200103759765625e+01 6.231800079345703125e+01 4.720299911499023438e+01
4.401200103759765625e+01 6.231800079345703125e+01 4.720299911499023438e+01
3.904299926757812500e+01 5.662099838256835938e+01 3.215299987792968750e+01
3.584799957275390625e+01 5.590800094604492188e+01 1.607600021362304688e+01
3.655799865722656250e+01 6.267399978637695312e+01 -1.026000022888183594e+00
4.152700042724609375e+01 7.371399688720703125e+01 -1.778700065612792969e+01
4.809400177001953125e+01 8.457499694824218750e+01 -2.719300079345703125e+01
5.359500122070312500e+01 9.614800262451171875e+01 -2.770599937438964844e+01
5.359500122070312500e+01 9.614800262451171875e+01 -2.770599937438964844e+01
5.235300064086914062e+01 1.127070007324218750e+02 -2.787700080871582031e+01
4.631900024414062500e+01 1.283760070800781250e+02 -2.411400032043457031e+01
4.312400054931640625e+01 1.415520019531250000e+02 -1.214299964904785156e+01
4.915800094604492188e+01 1.472489929199218750e+02 -5.130000114440917969e-01
4.915800094604492188e+01 1.472489929199218750e+02 -5.130000114440917969e-01
5.838700103759765625e+01 1.500980072021484375e+02 7.354000091552734375e+00
6.512999725341796875e+01 1.497420043945312500e+02 1.316899967193603516e+01
6.548500061035156250e+01 1.504539947509765625e+02 2.103599929809570312e+01
6.104899978637695312e+01 1.499199981689453125e+02 2.496999931335449219e+01
6.104899978637695312e+01 1.499199981689453125e+02 2.496999931335449219e+01
4.649599838256835938e+01 1.499199981689453125e+02 2.428499984741210938e+01
3.052400016784667969e+01 1.424420013427734375e+02 2.154899978637695312e+01
1.792399978637695312e+01 1.280200042724609375e+02 1.898399925231933594e+01
9.406000137329101562e+00 1.112829971313476562e+02 1.795800018310546875e+01
6.921000003814697266e+00 9.347799682617187500e+01 1.864200019836425781e+01
6.921000003814697266e+00 9.347799682617187500e+01 1.864200019836425781e+01
1.313300037384033203e+01 7.478199768066406250e+01 1.676000022888183594e+01
2.466799926757812500e+01 6.356499862670898438e+01 1.316899967193603516e+01
3.300899887084960938e+01 5.840100097656250000e+01 9.234999656677246094e+00
4.454399871826171875e+01 5.537400054931640625e+01 3.934000015258789062e+00
5.696699905395507812e+01 5.822299957275390625e+01 -2.565000057220458984e+00
5.696699905395507812e+01 5.822299957275390625e+01 -2.565000057220458984e+00
5.608000183105468750e+01 6.303099822998046875e+01 -8.892999649047851562e+00
4.933599853515625000e+01 6.944000244140625000e+01 -1.676000022888183594e+01
4.543199920654296875e+01 8.190399932861328125e+01 -2.428499984741210938e+01
4.791600036621093750e+01 9.472399902343750000e+01 -2.975799942016601562e+01
4.933599853515625000e+01 1.064749984741210938e+02 -3.044199943542480469e+01
4.933599853515625000e+01 1.064749984741210938e+02 -3.044199943542480469e+01
4.862599945068359375e+01 1.182269973754882812e+02 -2.804800033569335938e+01
4.631900024414062500e+01 1.265950012207031250e+02 -2.308799934387207031e+01
4.117200088500976562e+01 1.324709930419921875e+02 -1.710199928283691406e+01
3.850999832153320312e+01 1.347859954833984375e+02 -1.316899967193603516e+01
4.134999847412109375e+01 1.390590057373046875e+02 -8.380000114440917969e+00
4.134999847412109375e+01 1.390590057373046875e+02 -8.380000114440917969e+00
4.631900024414062500e+01 1.433320007324218750e+02 -9.064000129699707031e+00
4.454399871826171875e+01 1.429759979248046875e+02 -7.012000083923339844e+00
3.336399841308593750e+01 1.388809967041015625e+02 -5.815000057220458984e+00
1.987599945068359375e+01 1.239250030517578125e+02 -6.157000064849853516e+00
1.277799987792968750e+01 1.061190032958984375e+02 -4.105000019073486328e+00
1.277799987792968750e+01 1.061190032958984375e+02 -4.105000019073486328e+00
1.171300029754638672e+01 9.401200103759765625e+01 2.394000053405761719e+00
1.011600017547607422e+01 8.599900054931640625e+01 9.064000129699707031e+00
1.206799983978271484e+01 7.905500030517578125e+01 1.676000022888183594e+01
1.881100082397460938e+01 7.122100067138671875e+01 2.018099975585937500e+01
2.821699905395507812e+01 6.142800140380859375e+01 2.103599929809570312e+01
2.821699905395507812e+01 6.142800140380859375e+01 2.103599929809570312e+01
4.365700149536132812e+01 5.448400115966796875e+01 2.291699981689453125e+01
5.483700180053710938e+01 5.288199996948242188e+01 1.829999923706054688e+01
6.548500061035156250e+01 5.430599975585937500e+01 1.180099964141845703e+01
7.560099792480468750e+01 5.768899917602539062e+01 8.208999633789062500e+00
7.560099792480468750e+01 5.768899917602539062e+01 8.208999633789062500e+00
8.216699981689453125e+01 6.285300064086914062e+01 3.249000072479248047e+00
8.891100311279296875e+01 6.890599822998046875e+01 1.710000038146972656e-01
9.387999725341796875e+01 8.065799713134765625e+01 -4.960000038146972656e+00
9.530000305175781250e+01 8.777999877929687500e+01 -1.043200016021728516e+01
9.530000305175781250e+01 8.777999877929687500e+01 -1.043200016021728516e+01
9.387999725341796875e+01 9.205300140380859375e+01 -1.282699966430664062e+01
9.352500152587890625e+01 8.457499694824218750e+01 -1.009000015258789062e+01
8.323200225830078125e+01 7.033100128173828125e+01 -3.934000015258789062e+00
6.424299621582031250e+01 5.733300018310546875e+01 2.052000045776367188e+00
4.738399887084960938e+01 5.751100158691406250e+01 2.907000064849853516e+00
7.542299652099609375e+01 5.751100158691406250e+01 2.907000064849853516e+00
2.999200057983398438e+01 6.534500122070312500e+01 2.223000049591064453e+00
1.685899925231933594e+01 7.816500091552734375e+01 -5.130000114440917969e-01
1.331000041961669922e+01 9.953099822998046875e+01 -4.276000022888183594e+00
1.668199920654296875e+01 1.189390029907226562e+02 -4.789000034332275391e+00
2.963699913024902344e+01 1.351419982910156250e+02 -4.618000030517578125e+00
2.963699913024902344e+01 1.351419982910156250e+02 -4.618000030517578125e+00
4.898099899291992188e+01 1.474270019531250000e+02 -2.736000061035156250e+00
6.797000122070312500e+01 1.479620056152343750e+02 3.934000015258789062e+00
8.127999877929687500e+01 1.452910003662109375e+02 1.094600009918212891e+01
9.192800140380859375e+01 1.378130035400390625e+02 1.128800010681152344e+01
9.689700317382812500e+01 1.310469970703125000e+02 1.026099967956542969e+01
9.689700317382812500e+01 1.310469970703125000e+02 1.026099967956542969e+01
