0.000000000000000000e+00 0.000000000000000000e+00 0.000000000000000000e+00
5.803200149536132812e+01 1.080780029296875000e+02 2.240399932861328125e+01
5.891899871826171875e+01 1.071880035400390625e+02 2.291699981689453125e+01
5.820899963378906250e+01 1.093239974975585938e+02 2.257500076293945312e+01
5.820899963378906250e+01 1.086119995117187500e+02 2.223299980163574219e+01
5.838700103759765625e+01 1.084339981079101562e+02 2.206200027465820312e+01
5.838700103759765625e+01 1.087900009155273438e+02 2.171999931335449219e+01
5.945100021362304688e+01 1.098580017089843750e+02 2.137800025939941406e+01
5.927399826049804688e+01 1.107490005493164062e+02 2.120700073242187500e+01
6.087099838256835938e+01 1.116389999389648438e+02 2.103599929809570312e+01
6.087099838256835938e+01 1.116389999389648438e+02 2.103599929809570312e+01
6.264599990844726562e+01 1.102149963378906250e+02 2.103599929809570312e+01
6.193600082397460938e+01 1.116389999389648438e+02 2.001000022888183594e+01
6.193600082397460938e+01 1.112829971313476562e+02 2.103599929809570312e+01
6.122600173950195312e+01 1.123509979248046875e+02 1.932600021362304688e+01
5.998400115966796875e+01 1.118170013427734375e+02 2.154899978637695312e+01
5.962900161743164062e+01 1.125289993286132812e+02 2.052300071716308594e+01
6.016099929809570312e+01 1.127070007324218750e+02 2.035199928283691406e+01
6.016099929809570312e+01 1.127070007324218750e+02 2.035199928283691406e+01
5.785400009155273438e+01 1.125289993286132812e+02 1.949699974060058594e+01
6.140399932861328125e+01 1.121729965209960938e+02 2.052300071716308594e+01
5.891899871826171875e+01 1.100360031127929688e+02 2.154899978637695312e+01
5.891899871826171875e+01 1.100360031127929688e+02 2.154899978637695312e+01
3.993000030517578125e+01 9.062899780273437500e+01 2.274600028991699219e+01
3.016900062561035156e+01 8.617700195312500000e+01 1.778700065612792969e+01
1.721400070190429688e+01 8.599900054931640625e+01 9.406000137329101562e+00
1.721400070190429688e+01 8.599900054931640625e+01 9.406000137329101562e+00
8.163000106811523438e+00 8.938200378417968750e+01 -2.736000061035156250e+00
4.613999843597412109e+00 9.899700164794921875e+01 -1.573400020599365234e+01
7.453999996185302734e+00 1.125289993286132812e+02 -2.325900077819824219e+01
1.153499984741210938e+01 1.251709976196289062e+02 -2.377199935913085938e+01
2.165099906921386719e+01 1.356759948730468750e+02 -1.983900070190429688e+01
3.016900062561035156e+01 1.403049926757812500e+02 -1.436600017547607422e+01
4.081700134277343750e+01 1.431540069580078125e+02 -9.576999664306640625e+00
5.288499832153320312e+01 1.435099945068359375e+02 -7.183000087738037109e+00
5.909600067138671875e+01 1.458249969482421875e+02 -7.183000087738037109e+00
5.909600067138671875e+01 1.458249969482421875e+02 -7.354000091552734375e+00
5.927399826049804688e+01 1.435099945068359375e+02 -6.499000072479248047e+00
5.838700103759765625e+01 1.433320007324218750e+02 -7.696000099182128906e+00
5.714400100708007812e+01 1.431540069580078125e+02 -4.447000026702880859e+00
5.572499847412109375e+01 1.335390014648437500e+02 8.208999633789062500e+00
5.093299865722656250e+01 1.216100006103515625e+02 1.898399925231933594e+01
4.915800094604492188e+01 1.102149963378906250e+02 2.343000030517578125e+01
4.915800094604492188e+01 1.102149963378906250e+02 2.343000030517578125e+01
4.667399978637695312e+01 1.023799972534179688e+02 2.411400032043457031e+01
4.401200103759765625e+01 9.401200103759765625e+01 2.428499984741210938e+01
3.762300109863281250e+01 8.404100036621093750e+01 2.086499977111816406e+01
2.999200057983398438e+01 7.175499725341796875e+01 1.385299968719482422e+01
2.608799934387207031e+01 6.961900329589843750e+01 5.644000053405761719e+00
1.774699974060058594e+01 7.300199890136718750e+01 0.000000000000000000e+00
1.153499984741210938e+01 7.816500091552734375e+01 -6.670000076293945312e+00
7.631000041961669922e+00 8.493099975585937500e+01 -1.180099964141845703e+01
7.631000041961669922e+00 8.493099975585937500e+01 -1.180099964141845703e+01
3.371999979019165039e+00 9.134100341796875000e+01 -1.453699970245361328e+01
3.016999959945678711e+00 9.881900024414062500e+01 -1.932600021362304688e+01
4.081999778747558594e+00 1.059410018920898438e+02 -2.787700080871582031e+01
6.565999984741210938e+00 1.087900009155273438e+02 -3.232400131225585938e+01
9.227999687194824219e+00 1.164459991455078125e+02 -3.967800140380859375e+01
1.526200008392333984e+01 1.242809982299804688e+02 -4.480799865722656250e+01
2.129599952697753906e+01 1.278420028686523438e+02 -4.959700012207031250e+01
3.016900062561035156e+01 1.303339996337890625e+02 -5.336000061035156250e+01
3.016900062561035156e+01 1.303339996337890625e+02 -5.336000061035156250e+01
3.904299926757812500e+01 1.321150054931640625e+02 -5.883200073242187500e+01
5.093299865722656250e+01 1.301560058593750000e+02 -6.174000167846679688e+01
6.051599884033203125e+01 1.273079986572265625e+02 -6.379199981689453125e+01
6.956700134277343750e+01 1.235680007934570312e+02 -6.362099838256835938e+01
7.773000335693359375e+01 1.232119979858398438e+02 -6.054299926757812500e+01
8.039199829101562500e+01 1.258830032348632812e+02 -5.763499832153320312e+01
7.826300048828125000e+01 1.319369964599609375e+02 -5.387300109863281250e+01
7.826300048828125000e+01 1.319369964599609375e+02 -5.387300109863281250e+01
7.240599822998046875e+01 1.374570007324218750e+02 -5.233300018310546875e+01
6.122600173950195312e+01 1.415520019531250000e+02 -5.181999969482421875e+01
4.649599838256835938e+01 1.420859985351562500e+02 -4.754499816894531250e+01
2.679700088500976562e+01 1.376349945068359375e+02 -4.224300003051757812e+01
1.331000041961669922e+01 1.230339965820312500e+02 -3.779600143432617188e+01
6.565999984741210938e+00 1.045169982910156250e+02 -3.677000045776367188e+01
5.678999900817871094e+00 9.080699920654296875e+01 -3.488899993896484375e+01
7.098999977111816406e+00 7.941100311279296875e+01 -3.283700180053710938e+01
1.366499996185302734e+01 7.068699645996093750e+01 -3.403400039672851562e+01
1.898900032043457031e+01 6.498899841308593750e+01 -3.334999847412109375e+01
2.644300079345703125e+01 5.786700057983398438e+01 -3.232400131225585938e+01
2.644300079345703125e+01 5.786700057983398438e+01 -3.232400131225585938e+01
3.655799865722656250e+01 5.377199935913085938e+01 -3.146800041198730469e+01
4.685100173950195312e+01 5.199100112915039062e+01 -3.420500183105468750e+01
5.696699905395507812e+01 5.181299972534179688e+01 -3.437599945068359375e+01
6.814700317382812500e+01 5.519599914550781250e+01 -3.523099899291992188e+01
7.311599731445312500e+01 5.662099838256835938e+01 -3.386299896240234375e+01
7.648799896240234375e+01 5.751100158691406250e+01 -3.471799850463867188e+01
7.648799896240234375e+01 5.751100158691406250e+01 -3.471799850463867188e+01
8.092500305175781250e+01 6.196200180053710938e+01 -3.625699996948242188e+01
8.447399902343750000e+01 6.801599884033203125e+01 -4.172999954223632812e+01
8.979799652099609375e+01 7.834300231933593750e+01 -4.891299819946289062e+01
9.494499969482421875e+01 9.240899658203125000e+01 -5.113600158691406250e+01
9.618699645996093750e+01 1.032699966430664062e+02 -5.164899826049804688e+01
9.405699920654296875e+01 1.203629989624023438e+02 -5.130699920654296875e+01
8.269999694824218750e+01 1.342519989013671875e+02 -4.788700103759765625e+01
6.548500061035156250e+01 1.436880035400390625e+02 -4.703200149536132812e+01
5.093299865722656250e+01 1.436880035400390625e+02 -4.634799957275390625e+01
5.093299865722656250e+01 1.436880035400390625e+02 -4.634799957275390625e+01
4.401200103759765625e+01 1.438659973144531250e+02 -4.207199859619140625e+01
3.762300109863281250e+01 1.435099945068359375e+02 -3.762500000000000000e+01
3.087899971008300781e+01 1.399490051269531250e+02 -3.352099990844726562e+01
2.218300056457519531e+01 1.344299926757812500e+02 -3.232400131225585938e+01
1.490699958801269531e+01 1.267730026245117188e+02 -3.146800041198730469e+01
8.873000144958496094e+00 1.203629989624023438e+02 -2.975799942016601562e+01
8.873000144958496094e+00 1.203629989624023438e+02 -2.975799942016601562e+01
5.678999900817871094e+00 1.143099975585937500e+02 -2.496999931335449219e+01
4.258999824523925781e+00 1.054069976806640625e+02 -2.496999931335449219e+01
2.661999940872192383e+00 9.062899780273437500e+01 -2.753499984741210938e+01
6.033999919891357422e+00 8.048000335693359375e+01 -2.975799942016601562e+01
1.064799976348876953e+01 6.979699707031250000e+01 -2.941600036621093750e+01
1.650399971008300781e+01 6.463300323486328125e+01 -2.992900085449218750e+01
2.537800025939941406e+01 5.964799880981445312e+01 -3.232400131225585938e+01
3.549300003051757812e+01 5.484000015258789062e+01 -3.488899993896484375e+01
4.170500183105468750e+01 5.288199996948242188e+01 -3.506000137329101562e+01
4.170500183105468750e+01 5.288199996948242188e+01 -3.506000137329101562e+01
4.152700042724609375e+01 5.270399856567382812e+01 -3.488899993896484375e+01
3.158900070190429688e+01 5.519599914550781250e+01 -3.112599945068359375e+01
1.863400077819824219e+01 6.320899963378906250e+01 -2.753499984741210938e+01
7.986000061035156250e+00 7.424800109863281250e+01 -2.582500076293945312e+01
4.258999824523925781e+00 8.795800018310546875e+01 -2.496999931335449219e+01
3.016999959945678711e+00 1.005999984741210938e+02 -2.856100082397460938e+01
3.016999959945678711e+00 1.005999984741210938e+02 -2.856100082397460938e+01
3.371999979019165039e+00 1.066529998779296875e+02 -3.198200035095214844e+01
8.696000099182128906e+00 1.151999969482421875e+02 -3.437599945068359375e+01
8.163000106811523438e+00 1.200070037841796875e+02 -3.112599945068359375e+01
1.082499980926513672e+01 1.248150024414062500e+02 -2.308799934387207031e+01
1.260000038146972656e+01 1.251709976196289062e+02 -1.282699966430664062e+01
1.260000038146972656e+01 1.251709976196289062e+02 -1.282699966430664062e+01
1.845700073242187500e+01 1.260609970092773438e+02 -3.763000011444091797e+00
2.662000083923339844e+01 1.303339996337890625e+02 2.052000045776367188e+00
3.283100128173828125e+01 1.326490020751953125e+02 5.986000061035156250e+00
3.975299835205078125e+01 1.321150054931640625e+02 8.892999649047851562e+00
4.596400070190429688e+01 1.308690032958984375e+02 1.351099967956542969e+01
5.128799819946289062e+01 1.265950012207031250e+02 1.658900070190429688e+01
5.874200057983398438e+01 1.201849975585937500e+02 2.069400024414062500e+01
6.601799774169921875e+01 1.128850021362304688e+02 2.120700073242187500e+01
7.471399688720703125e+01 1.073659973144531250e+02 2.069400024414062500e+01
7.471399688720703125e+01 1.073659973144531250e+02 2.069400024414062500e+01
8.056999969482421875e+01 1.043389968872070312e+02 1.641799926757812500e+01
8.518399810791015625e+01 1.036269989013671875e+02 1.368200016021728516e+01
8.536199951171875000e+01 1.030920028686523438e+02 1.316899967193603516e+01
8.465200042724609375e+01 1.027360000610351562e+02 1.351099967956542969e+01
8.411900329589843750e+01 1.050510025024414062e+02 1.231400012969970703e+01
8.411900329589843750e+01 1.050510025024414062e+02 1.231400012969970703e+01
8.465200042724609375e+01 1.066529998779296875e+02 1.624699974060058594e+01
7.915000152587890625e+01 1.096800003051757812e+02 1.710199928283691406e+01
7.666600036621093750e+01 1.089680023193359375e+02 1.881299972534179688e+01
7.595600128173828125e+01 1.071880035400390625e+02 1.983900070190429688e+01
7.595600128173828125e+01 1.071880035400390625e+02 1.983900070190429688e+01
7.311599731445312500e+01 1.064749984741210938e+02 2.120700073242187500e+01
7.134200286865234375e+01 1.068310012817382812e+02 2.291699981689453125e+01
7.347100067138671875e+01 1.071880035400390625e+02 2.052300071716308594e+01
7.471399688720703125e+01 1.087900009155273438e+02 1.966799926757812500e+01
7.364900207519531250e+01 1.105709991455078125e+02 2.001000022888183594e+01
7.276100158691406250e+01 1.111050033569335938e+02 1.949699974060058594e+01
7.347100067138671875e+01 1.100360031127929688e+02 2.052300071716308594e+01
7.542299652099609375e+01 1.073659973144531250e+02 2.001000022888183594e+01
7.542299652099609375e+01 1.073659973144531250e+02 2.001000022888183594e+01
7.631099700927734375e+01 1.079000015258789062e+02 1.847100067138671875e+01
8.163500213623046875e+01 1.096800003051757812e+02 1.470800018310546875e+01
8.589399719238281250e+01 1.111050033569335938e+02 1.231400012969970703e+01
8.589399719238281250e+01 1.132409973144531250e+02 9.918999671936035156e+00
8.553900146484375000e+01 1.125289993286132812e+02 9.576999664306640625e+00
8.607099914550781250e+01 1.137760009765625000e+02 9.406000137329101562e+00
8.837799835205078125e+01 1.128850021362304688e+02 9.576999664306640625e+00
8.837799835205078125e+01 1.128850021362304688e+02 9.576999664306640625e+00
9.068599700927734375e+01 1.116389999389648438e+02 6.328000068664550781e+00
9.228299713134765625e+01 1.082559967041015625e+02 3.420000076293945312e+00
9.441200256347656250e+01 1.064749984741210938e+02 1.026000022888183594e+00
9.565499877929687500e+01 1.009560012817382812e+02 1.881000041961669922e+00
9.494499969482421875e+01 9.597000122070312500e+01 2.223000049591064453e+00
9.494499969482421875e+01 9.169699859619140625e+01 -1.710000038146972656e-01
9.405699920654296875e+01 8.831400299072265625e+01 2.736000061035156250e+00
9.245999908447265625e+01 8.564299774169921875e+01 3.934000015258789062e+00
8.926599884033203125e+01 8.243800354003906250e+01 2.565000057220458984e+00
8.926599884033203125e+01 7.958899688720703125e+01 4.276000022888183594e+00
8.926599884033203125e+01 7.958899688720703125e+01 4.276000022888183594e+00
8.891100311279296875e+01 7.567199707031250000e+01 2.907000064849853516e+00
9.068599700927734375e+01 7.460399627685546875e+01 1.710000038146972656e-01
9.050800323486328125e+01 7.620600128173828125e+01 -1.026000022888183594e+00
9.263800048828125000e+01 7.834300231933593750e+01 -4.105000019073486328e+00
9.636399841308593750e+01 8.101399993896484375e+01 -4.276000022888183594e+00
9.689700317382812500e+01 8.653399658203125000e+01 -5.131000041961669922e+00
9.742900085449218750e+01 9.525800323486328125e+01 -2.565000057220458984e+00
9.742900085449218750e+01 9.525800323486328125e+01 -2.565000057220458984e+00
9.654199981689453125e+01 1.025579986572265625e+02 1.026000022888183594e+00
9.334799957275390625e+01 1.107490005493164062e+02 2.052000045776367188e+00
9.157299804687500000e+01 1.146660003662109375e+02 4.789000034332275391e+00
8.713600158691406250e+01 1.184049987792968750e+02 6.328000068664550781e+00
8.269999694824218750e+01 1.207200012207031250e+02 8.550999641418457031e+00
8.181199645996093750e+01 1.230339965820312500e+02 9.406000137329101562e+00
8.092500305175781250e+01 1.217880020141601562e+02 9.234999656677246094e+00
8.039199829101562500e+01 1.237460021972656250e+02 1.077499961853027344e+01
8.039199829101562500e+01 1.237460021972656250e+02 1.077499961853027344e+01
7.986000061035156250e+01 1.214319992065429688e+02 1.094600009918212891e+01
8.127999877929687500e+01 1.196510009765625000e+02 1.094600009918212891e+01
8.198999786376953125e+01 1.210759963989257812e+02 1.231400012969970703e+01
7.968299865722656250e+01 1.216100006103515625e+02 1.043200016021728516e+01
7.861799621582031250e+01 1.248150024414062500e+02 1.043200016021728516e+01
7.844000244140625000e+01 1.232119979858398438e+02 1.163000011444091797e+01
7.844000244140625000e+01 1.232119979858398438e+02 1.163000011444091797e+01
7.542299652099609375e+01 1.187610015869140625e+02 1.453699970245361328e+01
7.151899719238281250e+01 1.134189987182617188e+02 2.035199928283691406e+01
7.134200286865234375e+01 1.082559967041015625e+02 2.086499977111816406e+01
7.116400146484375000e+01 1.062969970703125000e+02 1.966799926757812500e+01
6.868000030517578125e+01 1.020240020751953125e+02 2.479800033569335938e+01
7.063200378417968750e+01 1.000660018920898438e+02 2.360099983215332031e+01
7.063200378417968750e+01 1.000660018920898438e+02 2.360099983215332031e+01
7.063200378417968750e+01 9.757299804687500000e+01 2.189100074768066406e+01
7.347100067138671875e+01 9.757299804687500000e+01 2.018099975585937500e+01
7.293900299072265625e+01 9.490200042724609375e+01 2.103599929809570312e+01
7.666600036621093750e+01 9.401200103759765625e+01 1.949699974060058594e+01
8.074700164794921875e+01 9.027300262451171875e+01 1.624699974060058594e+01
8.500700378417968750e+01 8.849199676513671875e+01 1.316899967193603516e+01
8.252200317382812500e+01 8.528700256347656250e+01 1.453699970245361328e+01
8.252200317382812500e+01 8.528700256347656250e+01 1.453699970245361328e+01
7.542299652099609375e+01 8.635500335693359375e+01 1.761499977111816406e+01
6.317800140380859375e+01 8.582099914550781250e+01 2.325900077819824219e+01
5.324000167846679688e+01 8.795800018310546875e+01 2.531200027465820312e+01
5.324000167846679688e+01 8.795800018310546875e+01 2.531200027465820312e+01
3.975299835205078125e+01 9.045099639892578125e+01 2.462700080871582031e+01
4.578599929809570312e+01 9.080699920654296875e+01 2.633799934387207031e+01
5.608000183105468750e+01 9.899700164794921875e+01 2.702199935913085938e+01
5.856399917602539062e+01 1.018460006713867188e+02 2.496999931335449219e+01
6.229100036621093750e+01 1.041610031127929688e+02 2.411400032043457031e+01
6.566300201416015625e+01 1.079000015258789062e+02 2.257500076293945312e+01
6.566300201416015625e+01 1.079000015258789062e+02 2.257500076293945312e+01
6.779199981689453125e+01 1.103929977416992188e+02 2.154899978637695312e+01
6.761499786376953125e+01 1.123509979248046875e+02 2.035199928283691406e+01
6.655000305175781250e+01 1.148440017700195312e+02 2.137800025939941406e+01
6.282300186157226562e+01 1.189390029907226562e+02 1.983900070190429688e+01
5.608000183105468750e+01 1.249929962158203125e+02 1.710199928283691406e+01
5.608000183105468750e+01 1.249929962158203125e+02 1.710199928283691406e+01
5.022299957275390625e+01 1.298000030517578125e+02 1.522099971771240234e+01
4.312400054931640625e+01 1.322929992675781250e+02 1.214299964904785156e+01
3.886500167846679688e+01 1.305119934082031250e+02 1.180099964141845703e+01
3.638100051879882812e+01 1.319369964599609375e+02 9.748000144958496094e+00
3.105699920654296875e+01 1.315809936523437500e+02 6.670000076293945312e+00
2.732999992370605469e+01 1.299779968261718750e+02 4.789000034332275391e+00
2.413500022888183594e+01 1.303339996337890625e+02 2.052000045776367188e+00
2.413500022888183594e+01 1.303339996337890625e+02 2.052000045776367188e+00
2.076399993896484375e+01 1.280200042724609375e+02 1.539000034332275391e+00
1.774699974060058594e+01 1.264169998168945312e+02 1.710000038146972656e+00
1.774699974060058594e+01 1.232119979858398438e+02 2.394000053405761719e+00
1.650399971008300781e+01 1.230339965820312500e+02 8.550000190734863281e-01
1.703700065612792969e+01 1.246370010375976562e+02 -3.420000076293945312e-01
1.668199920654296875e+01 1.242809982299804688e+02 2.394000053405761719e+00
1.490699958801269531e+01 1.207200012207031250e+02 0.000000000000000000e+00
1.029300022125244141e+01 1.125289993286132812e+02 -6.840000152587890625e-01
7.809000015258789062e+00 1.089680023193359375e+02 -2.052000045776367188e+00
5.146999835968017578e+00 1.030920028686523438e+02 -1.539000034332275391e+00
6.033999919891357422e+00 9.757299804687500000e+01 -1.368000030517578125e+00
6.033999919891357422e+00 9.757299804687500000e+01 -1.368000030517578125e+00
7.809000015258789062e+00 8.902600097656250000e+01 6.840000152587890625e-01
8.696000099182128906e+00 8.208200073242187500e+01 8.550000190734863281e-01
1.224499988555908203e+01 7.709700012207031250e+01 -2.223000049591064453e+00
1.206799983978271484e+01 7.050900268554687500e+01 -3.420000076293945312e+00
1.721400070190429688e+01 6.819400024414062500e+01 -1.197000026702880859e+00
2.076399993896484375e+01 6.641400146484375000e+01 8.550000190734863281e-01
2.466799926757812500e+01 6.712599945068359375e+01 5.986000061035156250e+00
2.466799926757812500e+01 6.712599945068359375e+01 5.986000061035156250e+00
2.910499954223632812e+01 6.872799682617187500e+01 1.026099967956542969e+01
3.158900070190429688e+01 7.157700347900390625e+01 1.573400020599365234e+01
3.105699920654296875e+01 7.816500091552734375e+01 1.898399925231933594e+01
3.229899978637695312e+01 8.510900115966796875e+01 2.257500076293945312e+01
3.158900070190429688e+01 8.938200378417968750e+01 2.223299980163574219e+01
2.804000091552734375e+01 8.795800018310546875e+01 2.086499977111816406e+01
2.804000091552734375e+01 8.795800018310546875e+01 2.086499977111816406e+01
2.289299964904785156e+01 8.742400360107421875e+01 1.898399925231933594e+01
1.916600036621093750e+01 8.902600097656250000e+01 1.470800018310546875e+01
1.810199928283691406e+01 9.614800262451171875e+01 1.334000015258789062e+01
1.437500000000000000e+01 1.013119964599609375e+02 1.009000015258789062e+01
1.455200004577636719e+01 1.071880035400390625e+02 8.892999649047851562e+00
1.189000034332275391e+01 1.105709991455078125e+02 3.934000015258789062e+00
1.189000034332275391e+01 1.123509979248046875e+02 8.550000190734863281e-01
1.189000034332275391e+01 1.123509979248046875e+02 8.550000190734863281e-01
9.583000183105468750e+00 1.157340011596679688e+02 -4.105000019073486328e+00
8.340999603271484375e+00 1.162679977416992188e+02 -6.670000076293945312e+00
7.809000015258789062e+00 1.164459991455078125e+02 -9.576999664306640625e+00
7.098999977111816406e+00 1.125289993286132812e+02 -1.505000019073486328e+01
4.081999778747558594e+00 1.116389999389648438e+02 -1.453699970245361328e+01
4.081999778747558594e+00 1.116389999389648438e+02 -1.453699970245361328e+01
3.016999959945678711e+00 1.116389999389648438e+02 -2.240399932861328125e+01
4.258999824523925781e+00 1.096800003051757812e+02 -2.804800033569335938e+01
3.904000043869018555e+00 1.029140014648437500e+02 -3.454700088500976562e+01
6.565999984741210938e+00 9.846299743652343750e+01 -4.190100097656250000e+01
8.873000144958496094e+00 9.080699920654296875e+01 -4.651900100708007812e+01
1.189000034332275391e+01 8.172599792480468750e+01 -4.429499816894531250e+01
1.135799980163574219e+01 7.335800170898437500e+01 -3.865100097656250000e+01
1.331000041961669922e+01 6.783799743652343750e+01 -3.163899993896484375e+01
1.774699974060058594e+01 6.231800079345703125e+01 -2.907399940490722656e+01
2.537800025939941406e+01 5.679899978637695312e+01 -2.856100082397460938e+01
2.537800025939941406e+01 5.679899978637695312e+01 -2.856100082397460938e+01
3.425099945068359375e+01 5.288199996948242188e+01 -2.719300079345703125e+01
4.241500091552734375e+01 4.896400070190429688e+01 -2.479800033569335938e+01
5.448199844360351562e+01 5.003300094604492188e+01 -2.171999931335449219e+01
6.282300186157226562e+01 5.056700134277343750e+01 -1.436600017547607422e+01
7.116400146484375000e+01 5.501800155639648438e+01 -4.618000030517578125e+00
7.382599639892578125e+01 6.089400100708007812e+01 4.105000019073486328e+00
7.382599639892578125e+01 6.089400100708007812e+01 4.105000019073486328e+00
7.542299652099609375e+01 7.211100006103515625e+01 1.145899963378906250e+01
7.542299652099609375e+01 8.172599792480468750e+01 1.795800018310546875e+01
7.542299652099609375e+01 9.169699859619140625e+01 1.898399925231933594e+01
7.737599945068359375e+01 1.007779998779296875e+02 1.881299972534179688e+01
7.400399780273437500e+01 1.062969970703125000e+02 2.103599929809570312e+01
7.276100158691406250e+01 1.121729965209960938e+02 1.915500068664550781e+01
7.293900299072265625e+01 1.087900009155273438e+02 2.069400024414062500e+01
7.844000244140625000e+01 1.036269989013671875e+02 1.881299972534179688e+01
7.844000244140625000e+01 1.036269989013671875e+02 1.881299972534179688e+01
8.145700073242187500e+01 9.668299865722656250e+01 1.624699974060058594e+01
8.163500213623046875e+01 9.223100280761718750e+01 1.607600021362304688e+01
8.181199645996093750e+01 9.169699859619140625e+01 1.658900070190429688e+01
8.287699890136718750e+01 9.169699859619140625e+01 1.522099971771240234e+01
8.269999694824218750e+01 9.258699798583984375e+01 1.402400016784667969e+01
8.305400085449218750e+01 9.365599822998046875e+01 1.607600021362304688e+01
8.252200317382812500e+01 9.632599639892578125e+01 1.522099971771240234e+01
8.358699798583984375e+01 9.703900146484375000e+01 1.624699974060058594e+01
8.358699798583984375e+01 9.703900146484375000e+01 1.624699974060058594e+01
8.145700073242187500e+01 9.597000122070312500e+01 1.556299972534179688e+01
8.287699890136718750e+01 9.240899658203125000e+01 1.522099971771240234e+01
8.145700073242187500e+01 8.884799957275390625e+01 1.351099967956542969e+01
8.127999877929687500e+01 8.439700317382812500e+01 1.299800014495849609e+01
8.056999969482421875e+01 8.332900238037109375e+01 1.607600021362304688e+01
8.056999969482421875e+01 8.332900238037109375e+01 1.607600021362304688e+01
7.790799713134765625e+01 8.172599792480468750e+01 1.590499973297119141e+01
8.074700164794921875e+01 7.923300170898437500e+01 1.419499969482421875e+01
8.500700378417968750e+01 8.279399871826171875e+01 1.009000015258789062e+01
9.139499664306640625e+01 9.419000244140625000e+01 5.302000045776367188e+00
9.512200164794921875e+01 1.004219970703125000e+02 3.763000011444091797e+00
9.583200073242187500e+01 1.111050033569335938e+02 -2.052000045776367188e+00
9.654199981689453125e+01 1.168020019531250000e+02 -7.525000095367431641e+00
9.796199798583984375e+01 1.168020019531250000e+02 -9.918999671936035156e+00
9.973600006103515625e+01 1.143099975585937500e+02 -1.094600009918212891e+01
9.973600006103515625e+01 1.143099975585937500e+02 -1.094600009918212891e+01
1.009789962768554688e+02 1.123509979248046875e+02 -1.282699966430664062e+01
1.011559982299804688e+02 1.111050033569335938e+02 -1.436600017547607422e+01
1.009789962768554688e+02 1.091460037231445312e+02 -1.180099964141845703e+01
1.008010025024414062e+02 1.089680023193359375e+02 -1.402400016784667969e+01
1.027529983520507812e+02 1.098580017089843750e+02 -1.693099975585937500e+01
1.015110015869140625e+02 1.079000015258789062e+02 -1.607600021362304688e+01
1.015110015869140625e+02 1.079000015258789062e+02 -1.607600021362304688e+01
1.020429992675781250e+02 1.077220001220703125e+02 -1.693099975585937500e+01
1.027529983520507812e+02 9.846299743652343750e+01 -1.795800018310546875e+01
1.000910034179687500e+02 8.973799896240234375e+01 -9.918999671936035156e+00
9.494499969482421875e+01 8.671199798583984375e+01 5.130000114440917969e-01
8.482900238037109375e+01 8.332900238037109375e+01 1.299800014495849609e+01
7.329399871826171875e+01 8.635500335693359375e+01 1.864200019836425781e+01
7.329399871826171875e+01 8.635500335693359375e+01 1.864200019836425781e+01
6.477500152587890625e+01 8.671199798583984375e+01 2.479800033569335938e+01
6.583999633789062500e+01 8.635500335693359375e+01 2.377199935913085938e+01
6.530799865722656250e+01 8.760199737548828125e+01 2.325900077819824219e+01
6.459799957275390625e+01 8.973799896240234375e+01 2.599600028991699219e+01
6.477500152587890625e+01 9.632599639892578125e+01 2.411400032043457031e+01
6.193600082397460938e+01 1.013119964599609375e+02 2.514100074768066406e+01
5.767699813842773438e+01 1.066529998779296875e+02 2.479800033569335938e+01
5.767699813842773438e+01 1.066529998779296875e+02 2.479800033569335938e+01
4.827099990844726562e+01 1.114609985351562500e+02 2.496999931335449219e+01
3.762300109863281250e+01 1.128850021362304688e+02 2.052300071716308594e+01
2.662000083923339844e+01 1.086119995117187500e+02 1.881299972534179688e+01
1.969899940490722656e+01 1.052289962768554688e+02 1.522099971771240234e+01
1.260000038146972656e+01 1.038050003051757812e+02 8.722000122070312500e+00
9.050999641418457031e+00 1.027360000610351562e+02 2.907000064849853516e+00
6.210999965667724609e+00 1.045169982910156250e+02 -5.986000061035156250e+00
6.210999965667724609e+00 1.045169982910156250e+02 -5.986000061035156250e+00
2.838999986648559570e+00 1.054069976806640625e+02 -1.436600017547607422e+01
3.371999979019165039e+00 1.048730010986328125e+02 -2.650900077819824219e+01
5.678999900817871094e+00 9.721700286865234375e+01 -3.796699905395507812e+01
8.163000106811523438e+00 8.795800018310546875e+01 -4.241400146484375000e+01
9.760999679565429688e+00 8.350700378417968750e+01 -4.292699813842773438e+01
1.295499992370605469e+01 7.958899688720703125e+01 -4.361100006103515625e+01
1.295499992370605469e+01 7.958899688720703125e+01 -4.361100006103515625e+01
1.331000041961669922e+01 7.638500213623046875e+01 -4.463700103759765625e+01
1.437500000000000000e+01 7.318000030517578125e+01 -4.190100097656250000e+01
1.402000045776367188e+01 7.033100128173828125e+01 -3.882199859619140625e+01
1.650399971008300781e+01 6.570099639892578125e+01 -3.198200035095214844e+01
1.632699966430664062e+01 6.338700103759765625e+01 -2.291699981689453125e+01
1.632699966430664062e+01 6.338700103759765625e+01 -2.291699981689453125e+01
2.715200042724609375e+01 5.430599975585937500e+01 -1.590499973297119141e+01
2.715200042724609375e+01 5.430599975585937500e+01 -1.590499973297119141e+01
3.602600097656250000e+01 5.216899871826171875e+01 -1.556299972534179688e+01
4.383399963378906250e+01 5.038899993896484375e+01 -1.248499965667724609e+01
5.146500015258789062e+01 5.021099853515625000e+01 -9.576999664306640625e+00
5.998400115966796875e+01 5.234700012207031250e+01 -9.234999656677246094e+00
6.583999633789062500e+01 5.430599975585937500e+01 -6.670000076293945312e+00
6.566300201416015625e+01 5.412799835205078125e+01 -3.420000076293945312e+00
6.566300201416015625e+01 5.412799835205078125e+01 -3.420000076293945312e+00
6.601799774169921875e+01 5.626499938964843750e+01 -2.394000053405761719e+00
6.495300292968750000e+01 6.160599899291992188e+01 8.892999649047851562e+00
6.300099945068359375e+01 7.460399627685546875e+01 2.137800025939941406e+01
6.353300094604492188e+01 9.009500122070312500e+01 2.394300079345703125e+01
6.424299621582031250e+01 1.011340026855468750e+02 2.496999931335449219e+01
6.495300292968750000e+01 1.132409973144531250e+02 2.154899978637695312e+01
6.548500061035156250e+01 1.216100006103515625e+02 1.932600021362304688e+01
6.548500061035156250e+01 1.216100006103515625e+02 1.932600021362304688e+01
6.406600189208984375e+01 1.244589996337890625e+02 1.624699974060058594e+01
6.619499969482421875e+01 1.315809936523437500e+02 1.145899963378906250e+01
6.690499877929687500e+01 1.372779998779296875e+02 5.644000053405761719e+00
6.512999725341796875e+01 1.440440063476562500e+02 -4.276000022888183594e+00
6.122600173950195312e+01 1.483179931640625000e+02 -1.316899967193603516e+01
5.820899963378906250e+01 1.506320037841796875e+02 -2.462700080871582031e+01
5.945100021362304688e+01 1.479620056152343750e+02 -3.916500091552734375e+01
5.945100021362304688e+01 1.479620056152343750e+02 -3.916500091552734375e+01
6.246799850463867188e+01 1.406609954833984375e+02 -5.233300018310546875e+01
6.512999725341796875e+01 1.322929992675781250e+02 -6.174000167846679688e+01
6.530799865722656250e+01 1.264169998168945312e+02 -6.567299652099609375e+01
6.175799942016601562e+01 1.228560028076171875e+02 -6.909400177001953125e+01
5.998400115966796875e+01 1.303339996337890625e+02 -6.601499938964843750e+01
5.678900146484375000e+01 1.435099945068359375e+02 -5.164899826049804688e+01
5.767699813842773438e+01 1.497420043945312500e+02 -2.856100082397460938e+01
5.927399826049804688e+01 1.481399993896484375e+02 -1.128800010681152344e+01
5.927399826049804688e+01 1.481399993896484375e+02 -1.128800010681152344e+01
6.264599990844726562e+01 1.404830017089843750e+02 4.618000030517578125e+00
6.317800140380859375e+01 1.317590026855468750e+02 1.197200012207031250e+01
6.583999633789062500e+01 1.319369964599609375e+02 1.385299968719482422e+01
6.282300186157226562e+01 1.292660064697265625e+02 1.402400016784667969e+01
5.962900161743164062e+01 1.285540008544921875e+02 1.539200019836425781e+01
5.803200149536132812e+01 1.262389984130859375e+02 1.795800018310546875e+01
5.785400009155273438e+01 1.257050018310546875e+02 1.812899971008300781e+01
5.856399917602539062e+01 1.221439971923828125e+02 1.915500068664550781e+01
5.785400009155273438e+01 1.235680007934570312e+02 1.881299972534179688e+01
5.732199859619140625e+01 1.244589996337890625e+02 1.966799926757812500e+01
5.643399810791015625e+01 1.285540008544921875e+02 1.710199928283691406e+01
5.732199859619140625e+01 1.401269989013671875e+02 3.934000015258789062e+00
5.732199859619140625e+01 1.401269989013671875e+02 3.934000015258789062e+00
5.608000183105468750e+01 1.488520050048828125e+02 -1.026099967956542969e+01
5.465999984741210938e+01 1.506320037841796875e+02 -2.120700073242187500e+01
5.341799926757812500e+01 1.500980072021484375e+02 -3.027099990844726562e+01
5.430500030517578125e+01 1.463589935302734375e+02 -4.480799865722656250e+01
5.803200149536132812e+01 1.390590057373046875e+02 -5.695100021362304688e+01
6.033900070190429688e+01 1.314029998779296875e+02 -6.225299835205078125e+01
6.335599899291992188e+01 1.280200042724609375e+02 -6.516000366210937500e+01
6.282300186157226562e+01 1.296219940185546875e+02 -6.396300125122070312e+01
6.282300186157226562e+01 1.296219940185546875e+02 -6.396300125122070312e+01
6.282300186157226562e+01 1.374570007324218750e+02 -5.814799880981445312e+01
6.175799942016601562e+01 1.474270019531250000e+02 -4.002000045776367188e+01
6.353300094604492188e+01 1.488520050048828125e+02 -1.949699974060058594e+01
6.388800048828125000e+01 1.449349975585937500e+02 -4.105000019073486328e+00
6.051599884033203125e+01 1.419080047607421875e+02 2.223000049591064453e+00
6.051599884033203125e+01 1.419080047607421875e+02 2.223000049591064453e+00
5.998400115966796875e+01 1.338950042724609375e+02 1.060299968719482422e+01
6.051599884033203125e+01 1.244589996337890625e+02 1.829999923706054688e+01
5.927399826049804688e+01 1.150220031738281250e+02 2.394300079345703125e+01
5.749900054931640625e+01 1.128850021362304688e+02 2.428499984741210938e+01
5.181999969482421875e+01 1.171589965820312500e+02 2.360099983215332031e+01
4.702899932861328125e+01 1.290879974365234375e+02 1.556299972534179688e+01
4.702899932861328125e+01 1.290879974365234375e+02 1.556299972534179688e+01
4.206000137329101562e+01 1.390590057373046875e+02 7.354000091552734375e+00
4.028499984741210938e+01 1.433320007324218750e+02 -4.618000030517578125e+00
4.134999847412109375e+01 1.486739959716796875e+02 -1.829999923706054688e+01
3.957500076293945312e+01 1.483179931640625000e+02 -2.787700080871582031e+01
3.655799865722656250e+01 1.452910003662109375e+02 -3.317900085449218750e+01
3.460599899291992188e+01 1.472489929199218750e+02 -2.992900085449218750e+01
3.247600173950195312e+01 1.444010009765625000e+02 -1.658900070190429688e+01
3.300899887084960938e+01 1.403049926757812500e+02 -1.368000030517578125e+00
3.300899887084960938e+01 1.403049926757812500e+02 -1.368000030517578125e+00
3.442900085449218750e+01 1.285540008544921875e+02 1.231400012969970703e+01
3.531600189208984375e+01 1.162679977416992188e+02 2.103599929809570312e+01
3.584799957275390625e+01 1.025579986572265625e+02 2.428499984741210938e+01
3.691299819946289062e+01 8.973799896240234375e+01 2.428499984741210938e+01
3.726800155639648438e+01 9.330000305175781250e+01 2.394300079345703125e+01
3.584799957275390625e+01 1.061190032958984375e+02 2.394300079345703125e+01
3.460599899291992188e+01 1.241029968261718750e+02 1.556299972534179688e+01
3.460599899291992188e+01 1.241029968261718750e+02 1.556299972534179688e+01
3.354100036621093750e+01 1.397709960937500000e+02 -3.249000072479248047e+00
3.460599899291992188e+01 1.461809997558593750e+02 -2.103599929809570312e+01
3.620299911499023438e+01 1.449349975585937500e+02 -3.762500000000000000e+01
3.691299819946289062e+01 1.410180053710937500e+02 -4.515000152587890625e+01
3.336399841308593750e+01 1.399490051269531250e+02 -4.651900100708007812e+01
3.034700012207031250e+01 1.365659942626953125e+02 -4.874200057983398438e+01
2.857200050354003906e+01 1.362100067138671875e+02 -4.634799957275390625e+01
2.963699913024902344e+01 1.365659942626953125e+02 -4.703200149536132812e+01
2.963699913024902344e+01 1.365659942626953125e+02 -4.703200149536132812e+01
3.300899887084960938e+01 1.371000061035156250e+02 -4.891299819946289062e+01
3.549300003051757812e+01 1.385249938964843750e+02 -5.028099822998046875e+01
3.904299926757812500e+01 1.392369995117187500e+02 -5.233300018310546875e+01
4.259199905395507812e+01 1.371000061035156250e+02 -5.472800064086914062e+01
4.578599929809570312e+01 1.367440032958984375e+02 -5.609600067138671875e+01
4.791600036621093750e+01 1.374570007324218750e+02 -5.849000167846679688e+01
5.146500015258789062e+01 1.353200073242187500e+02 -6.088499832153320312e+01
5.146500015258789062e+01 1.353200073242187500e+02 -6.088499832153320312e+01
5.004600143432617188e+01 1.253489990234375000e+02 -6.601499938964843750e+01
4.791600036621093750e+01 1.164459991455078125e+02 -7.217199707031250000e+01
4.738399887084960938e+01 9.810700225830078125e+01 -7.268499755859375000e+01
4.756100082397460938e+01 8.190399932861328125e+01 -7.046199798583984375e+01
5.040100097656250000e+01 6.979699707031250000e+01 -6.225299835205078125e+01
5.554700088500976562e+01 5.929100036621093750e+01 -4.840000152587890625e+01
5.554700088500976562e+01 5.929100036621093750e+01 -4.840000152587890625e+01
5.909600067138671875e+01 5.252500152587890625e+01 -3.779600143432617188e+01
5.767699813842773438e+01 5.110100173950195312e+01 -3.574399948120117188e+01
5.288499832153320312e+01 5.270399856567382812e+01 -3.933599853515625000e+01
5.395000076293945312e+01 6.338700103759765625e+01 -5.404399871826171875e+01
5.732199859619140625e+01 8.030200195312500000e+01 -6.926499938964843750e+01
5.962900161743164062e+01 9.436799621582031250e+01 -7.285600280761718750e+01
5.962900161743164062e+01 9.436799621582031250e+01 -7.285600280761718750e+01
6.122600173950195312e+01 1.134189987182617188e+02 -7.165899658203125000e+01
6.122600173950195312e+01 1.301560058593750000e+02 -6.584400177001953125e+01
5.164300155639648438e+01 1.411959991455078125e+02 -5.421500015258789062e+01
4.206000137329101562e+01 1.419080047607421875e+02 -4.840000152587890625e+01
3.300899887084960938e+01 1.367440032958984375e+02 -5.233300018310546875e+01
2.484499931335449219e+01 1.274860000610351562e+02 -5.301699829101562500e+01
1.650399971008300781e+01 1.166240005493164062e+02 -5.301699829101562500e+01
1.650399971008300781e+01 1.166240005493164062e+02 -5.284600067138671875e+01
9.760999679565429688e+00 1.030920028686523438e+02 -4.942599868774414062e+01
1.064799976348876953e+01 9.009500122070312500e+01 -4.651900100708007812e+01
1.331000041961669922e+01 8.065799713134765625e+01 -4.668999862670898438e+01
2.005400085449218750e+01 7.282299804687500000e+01 -4.737400054931640625e+01
2.662000083923339844e+01 6.587899780273437500e+01 -5.028099822998046875e+01
2.662000083923339844e+01 6.587899780273437500e+01 -5.028099822998046875e+01
2.963699913024902344e+01 6.213999938964843750e+01 -4.497900009155273438e+01
2.892700004577636719e+01 6.036000061035156250e+01 -4.053300094604492188e+01
3.229899978637695312e+01 5.911299896240234375e+01 -4.446599960327148438e+01
3.850999832153320312e+01 6.356499862670898438e+01 -5.387300109863281250e+01
4.046200180053710938e+01 7.157700347900390625e+01 -6.225299835205078125e+01
3.850999832153320312e+01 6.855000305175781250e+01 -5.831900024414062500e+01
3.460599899291992188e+01 6.036000061035156250e+01 -4.532099914550781250e+01
2.928199958801269531e+01 5.964799880981445312e+01 -3.916500091552734375e+01
2.484499931335449219e+01 6.730400085449218750e+01 -4.959700012207031250e+01
2.147299957275390625e+01 8.635500335693359375e+01 -5.934500122070312500e+01
2.076399993896484375e+01 1.041610031127929688e+02 -6.139799880981445312e+01
2.076399993896484375e+01 1.041610031127929688e+02 -6.139799880981445312e+01
2.271599960327148438e+01 1.228560028076171875e+02 -5.472800064086914062e+01
2.750699996948242188e+01 1.369219970703125000e+02 -4.600500106811523438e+01
3.300899887084960938e+01 1.445789947509765625e+02 -3.557300186157226562e+01
3.797800064086914062e+01 1.470709991455078125e+02 -2.736400032043457031e+01
4.507699966430664062e+01 1.488520050048828125e+02 -1.812899971008300781e+01
5.430500030517578125e+01 1.474270019531250000e+02 -9.234999656677246094e+00
5.962900161743164062e+01 1.445789947509765625e+02 -4.447000026702880859e+00
5.962900161743164062e+01 1.445789947509765625e+02 -4.447000026702880859e+00
6.797000122070312500e+01 1.408399963378906250e+02 -8.550000190734863281e-01
7.134200286865234375e+01 1.399490051269531250e+02 -1.710000038146972656e+00
7.258399963378906250e+01 1.411959991455078125e+02 -3.592000007629394531e+00
7.169699859619140625e+01 1.420859985351562500e+02 -2.736000061035156250e+00
6.761499786376953125e+01 1.419080047607421875e+02 -3.249000072479248047e+00
5.395000076293945312e+01 1.445789947509765625e+02 -6.840000152587890625e-01
3.779999923706054688e+01 1.387030029296875000e+02 1.881000041961669922e+00
2.590999984741210938e+01 1.317590026855468750e+02 2.736000061035156250e+00
2.590999984741210938e+01 1.317590026855468750e+02 2.736000061035156250e+00
1.774699974060058594e+01 1.217880020141601562e+02 3.078000068664550781e+00
1.064799976348876953e+01 1.128850021362304688e+02 2.394000053405761719e+00
7.631000041961669922e+00 1.084339981079101562e+02 8.550000190734863281e-01
7.276000022888183594e+00 1.041610031127929688e+02 -8.550000190734863281e-01
5.678999900817871094e+00 9.579199981689453125e+01 3.420000076293945312e-01
7.098999977111816406e+00 8.973799896240234375e+01 -3.420000076293945312e-01
7.809000015258789062e+00 8.475299835205078125e+01 -6.840000152587890625e-01
1.047099971771240234e+01 7.816500091552734375e+01 1.710000038146972656e-01
1.455200004577636719e+01 7.157700347900390625e+01 0.000000000000000000e+00
1.934399986267089844e+01 6.498899841308593750e+01 -3.592000007629394531e+00
1.934399986267089844e+01 6.498899841308593750e+01 -3.592000007629394531e+00
2.448999977111816406e+01 5.875699996948242188e+01 -5.473000049591064453e+00
2.875000000000000000e+01 5.590800094604492188e+01 -1.060299968719482422e+01
3.194400024414062500e+01 5.448400115966796875e+01 -1.744400024414062500e+01
3.602600097656250000e+01 5.252500152587890625e+01 -2.753499984741210938e+01
4.330199813842773438e+01 5.127899932861328125e+01 -3.523099899291992188e+01
5.164300155639648438e+01 5.323799896240234375e+01 -4.053300094604492188e+01
5.164300155639648438e+01 5.323799896240234375e+01 -4.053300094604492188e+01
5.448199844360351562e+01 5.537400054931640625e+01 -4.395299911499023438e+01
5.909600067138671875e+01 5.572999954223632812e+01 -4.361100006103515625e+01
6.512999725341796875e+01 5.608700180053710938e+01 -4.053300094604492188e+01
6.743699645996093750e+01 5.768899917602539062e+01 -4.036199951171875000e+01
6.743699645996093750e+01 5.590800094604492188e+01 -3.967800140380859375e+01
6.619499969482421875e+01 5.715499877929687500e+01 -4.497900009155273438e+01
6.619499969482421875e+01 5.715499877929687500e+01 -4.497900009155273438e+01
6.441999816894531250e+01 6.000400161743164062e+01 -4.805799865722656250e+01
6.495300292968750000e+01 6.267399978637695312e+01 -5.164899826049804688e+01
5.998400115966796875e+01 6.623600006103515625e+01 -5.814799880981445312e+01
5.874200057983398438e+01 7.424800109863281250e+01 -6.447599792480468750e+01
5.696699905395507812e+01 8.528700256347656250e+01 -6.960700225830078125e+01
5.536999893188476562e+01 9.899700164794921875e+01 -7.319799804687500000e+01
5.181999969482421875e+01 1.164459991455078125e+02 -7.148799896240234375e+01
4.738399887084960938e+01 1.319369964599609375e+02 -6.242399978637695312e+01
5.022299957275390625e+01 1.401269989013671875e+02 -5.318799972534179688e+01
5.022299957275390625e+01 1.401269989013671875e+02 -5.318799972534179688e+01
5.270800018310546875e+01 1.458249969482421875e+02 -4.463700103759765625e+01
5.164300155639648438e+01 1.479620056152343750e+02 -3.540200042724609375e+01
5.164300155639648438e+01 1.493860015869140625e+02 -2.650900077819824219e+01
5.235300064086914062e+01 1.504539947509765625e+02 -1.761499977111816406e+01
5.111000061035156250e+01 1.467149963378906250e+02 -9.918999671936035156e+00
5.430500030517578125e+01 1.449349975585937500e+02 -3.078000068664550781e+00
5.430500030517578125e+01 1.449349975585937500e+02 -3.078000068664550781e+00
5.341799926757812500e+01 1.411959991455078125e+02 4.276000022888183594e+00
4.862599945068359375e+01 1.399490051269531250e+02 4.789000034332275391e+00
4.773899841308593750e+01 1.376349945068359375e+02 6.670000076293945312e+00
5.022299957275390625e+01 1.351419982910156250e+02 8.038000106811523438e+00
5.874200057983398438e+01 1.372779998779296875e+02 7.354000091552734375e+00
6.814700317382812500e+01 1.431540069580078125e+02 -3.420000076293945312e-01
7.755300140380859375e+01 1.408399963378906250e+02 -9.748000144958496094e+00
7.755300140380859375e+01 1.408399963378906250e+02 -9.748000144958496094e+00
8.589399719238281250e+01 1.381690063476562500e+02 -1.505000019073486328e+01
9.210500335693359375e+01 1.333609924316406250e+02 -2.069400024414062500e+01
9.725199890136718750e+01 1.264169998168945312e+02 -2.428499984741210938e+01
9.938099670410156250e+01 1.185830001831054688e+02 -2.531200027465820312e+01
1.015110015869140625e+02 1.196510009765625000e+02 -2.736400032043457031e+01
9.920400238037109375e+01 1.223219985961914062e+02 -2.685099983215332031e+01
9.334799957275390625e+01 1.324709930419921875e+02 -2.668000030517578125e+01
9.334799957275390625e+01 1.324709930419921875e+02 -2.668000030517578125e+01
7.826300048828125000e+01 1.451130065917968750e+02 -2.343000030517578125e+01
5.962900161743164062e+01 1.492079925537109375e+02 -1.949699974060058594e+01
4.454399871826171875e+01 1.500980072021484375e+02 -2.171999931335449219e+01
2.786199951171875000e+01 1.429759979248046875e+02 -2.582500076293945312e+01
1.490699958801269531e+01 1.289100036621093750e+02 -3.317900085449218750e+01
6.743999958038330078e+00 1.125289993286132812e+02 -3.659899902343750000e+01
8.340999603271484375e+00 1.027360000610351562e+02 -4.121699905395507812e+01
8.873000144958496094e+00 9.721700286865234375e+01 -4.172999954223632812e+01
8.873000144958496094e+00 9.721700286865234375e+01 -4.172999954223632812e+01
6.388999938964843750e+00 9.365599822998046875e+01 -4.002000045776367188e+01
7.098999977111816406e+00 8.902600097656250000e+01 -4.036199951171875000e+01
9.050999641418457031e+00 8.599900054931640625e+01 -4.292699813842773438e+01
1.047099971771240234e+01 8.457499694824218750e+01 -4.395299911499023438e+01
1.277799987792968750e+01 8.119200134277343750e+01 -4.343999862670898438e+01
1.561699962615966797e+01 7.620600128173828125e+01 -4.343999862670898438e+01
1.774699974060058594e+01 6.872799682617187500e+01 -4.241400146484375000e+01
1.827899932861328125e+01 6.605699920654296875e+01 -4.087500000000000000e+01
1.827899932861328125e+01 6.605699920654296875e+01 -4.087500000000000000e+01
2.484499931335449219e+01 6.516699981689453125e+01 -4.343999862670898438e+01
2.821699905395507812e+01 6.178400039672851562e+01 -4.737400054931640625e+01
3.513800048828125000e+01 6.125000000000000000e+01 -4.891299819946289062e+01
3.425099945068359375e+01 6.036000061035156250e+01 -4.805799865722656250e+01
3.513800048828125000e+01 5.697700119018554688e+01 -4.275600051879882812e+01
3.673600006103515625e+01 5.395000076293945312e+01 -3.608599853515625000e+01
3.655799865722656250e+01 5.306000137329101562e+01 -3.249499893188476562e+01
3.655799865722656250e+01 5.306000137329101562e+01 -3.249499893188476562e+01
3.922000122070312500e+01 5.074499893188476562e+01 -3.061300086975097656e+01
4.383399963378906250e+01 5.038899993896484375e+01 -3.163899993896484375e+01
4.525400161743164062e+01 5.145700073242187500e+01 -3.334999847412109375e+01
4.543199920654296875e+01 5.056700134277343750e+01 -3.625699996948242188e+01
4.880300140380859375e+01 5.216899871826171875e+01 -3.813800048828125000e+01
4.898099899291992188e+01 5.234700012207031250e+01 -3.591500091552734375e+01
4.898099899291992188e+01 5.234700012207031250e+01 -3.591500091552734375e+01
5.057799911499023438e+01 5.252500152587890625e+01 -3.540200042724609375e+01
5.057799911499023438e+01 5.252500152587890625e+01 -3.437599945068359375e+01
4.862599945068359375e+01 5.127899932861328125e+01 -3.557300186157226562e+01
4.152700042724609375e+01 5.234700012207031250e+01 -3.762500000000000000e+01
4.028499984741210938e+01 5.252500152587890625e+01 -3.471799850463867188e+01
4.436700057983398438e+01 4.985499954223632812e+01 -3.180999946594238281e+01
4.880300140380859375e+01 4.860800170898437500e+01 -2.856100082397460938e+01
5.288499832153320312e+01 4.985499954223632812e+01 -2.428499984741210938e+01
5.306299972534179688e+01 5.038899993896484375e+01 -2.445599937438964844e+01
5.306299972534179688e+01 5.038899993896484375e+01 -2.445599937438964844e+01
5.572499847412109375e+01 5.021099853515625000e+01 -2.599600028991699219e+01
5.643399810791015625e+01 4.949900054931640625e+01 -2.599600028991699219e+01
5.749900054931640625e+01 4.985499954223632812e+01 -2.668000030517578125e+01
5.714400100708007812e+01 5.056700134277343750e+01 -2.599600028991699219e+01
5.927399826049804688e+01 5.056700134277343750e+01 -2.599600028991699219e+01
5.909600067138671875e+01 4.967699813842773438e+01 -2.411400032043457031e+01
5.927399826049804688e+01 5.199100112915039062e+01 -2.223299980163574219e+01
6.193600082397460938e+01 5.145700073242187500e+01 -1.761499977111816406e+01
6.193600082397460938e+01 5.145700073242187500e+01 -1.761499977111816406e+01
6.229100036621093750e+01 5.181299972534179688e+01 -1.453699970245361328e+01
6.761499786376953125e+01 5.359400177001953125e+01 -1.043200016021728516e+01
6.690499877929687500e+01 5.751100158691406250e+01 -8.550000190734863281e-01
6.140399932861328125e+01 5.947000122070312500e+01 7.867000102996826172e+00
5.306299972534179688e+01 6.855000305175781250e+01 1.727300071716308594e+01
4.809400177001953125e+01 8.350700378417968750e+01 2.445599937438964844e+01
4.809400177001953125e+01 8.350700378417968750e+01 2.445599937438964844e+01
4.827099990844726562e+01 1.171589965820312500e+02 2.291699981689453125e+01
4.951300048828125000e+01 1.312250061035156250e+02 1.351099967956542969e+01
5.040100097656250000e+01 1.381690063476562500e+02 6.841000080108642578e+00
5.040100097656250000e+01 1.381690063476562500e+02 6.841000080108642578e+00
5.430500030517578125e+01 1.445789947509765625e+02 -2.394000053405761719e+00
5.465999984741210938e+01 1.474270019531250000e+02 -1.163000011444091797e+01
5.732199859619140625e+01 1.486739959716796875e+02 -1.624699974060058594e+01
5.820899963378906250e+01 1.488520050048828125e+02 -2.291699981689453125e+01
6.069400024414062500e+01 1.502760009765625000e+02 -2.633799934387207031e+01
5.998400115966796875e+01 1.492079925537109375e+02 -2.565399932861328125e+01
5.856399917602539062e+01 1.502760009765625000e+02 -2.394300079345703125e+01
5.678900146484375000e+01 1.477839965820312500e+02 -1.402400016784667969e+01
5.678900146484375000e+01 1.477839965820312500e+02 -1.402400016784667969e+01
5.430500030517578125e+01 1.435099945068359375e+02 1.026000022888183594e+00
5.288499832153320312e+01 1.331829986572265625e+02 1.163000011444091797e+01
5.270800018310546875e+01 1.223219985961914062e+02 2.137800025939941406e+01
4.933599853515625000e+01 9.828500366210937500e+01 2.736400032043457031e+01
4.915800094604492188e+01 7.852100372314453125e+01 2.514100074768066406e+01
5.199800109863281250e+01 6.570099639892578125e+01 1.453699970245361328e+01
5.625699996948242188e+01 5.466199874877929688e+01 2.565000057220458984e+00
5.856399917602539062e+01 5.021099853515625000e+01 -1.197200012207031250e+01
5.128799819946289062e+01 4.896400070190429688e+01 -1.795800018310546875e+01
3.993000030517578125e+01 5.038899993896484375e+01 -2.103599929809570312e+01
2.963699913024902344e+01 5.501800155639648438e+01 -2.650900077819824219e+01
2.963699913024902344e+01 5.501800155639648438e+01 -2.650900077819824219e+01
2.040900039672851562e+01 6.178400039672851562e+01 -2.787700080871582031e+01
1.402000045776367188e+01 6.748200225830078125e+01 -2.856100082397460938e+01
8.340999603271484375e+00 7.602799987792968750e+01 -2.890299987792968750e+01
4.968999862670898438e+00 8.404100036621093750e+01 -2.975799942016601562e+01
2.838999986648559570e+00 9.258699798583984375e+01 -2.531200027465820312e+01
2.838999986648559570e+00 9.258699798583984375e+01 -2.531200027465820312e+01
1.241999983787536621e+00 9.668299865722656250e+01 -2.308799934387207031e+01
1.597000002861022949e+00 9.597000122070312500e+01 -2.069400024414062500e+01
3.016999959945678711e+00 8.813600158691406250e+01 -2.035199928283691406e+01
7.986000061035156250e+00 7.531600189208984375e+01 -2.103599929809570312e+01
7.986000061035156250e+00 7.531600189208984375e+01 -2.103599929809570312e+01
1.543999958038330078e+01 6.605699920654296875e+01 -2.171999931335449219e+01
1.810199928283691406e+01 6.053799819946289062e+01 -1.881299972534179688e+01
1.845700073242187500e+01 6.267399978637695312e+01 -8.550999641418457031e+00
1.366499996185302734e+01 7.389199829101562500e+01 2.223000049591064453e+00
1.082499980926513672e+01 8.493099975585937500e+01 4.276000022888183594e+00
8.873000144958496094e+00 9.650399780273437500e+01 4.105000019073486328e+00
8.873000144958496094e+00 9.650399780273437500e+01 4.105000019073486328e+00
1.064799976348876953e+01 1.018460006713867188e+02 4.447000026702880859e+00
1.029300022125244141e+01 1.111050033569335938e+02 3.420000076293945312e+00
