6.743738555908203125e+01 5.946953582763671875e+01 1.436602592468261719e+01
6.743738555908203125e+01 5.911343002319335938e+01 1.368192863464355469e+01
6.779232025146484375e+01 5.768901062011718750e+01 1.333988094329833984e+01
6.725991821289062500e+01 6.000369262695312500e+01 1.453705024719238281e+01
6.725991821289062500e+01 6.000369262695312500e+01 1.453705024719238281e+01
6.708245086669921875e+01 5.840121841430664062e+01 1.197168922424316406e+01
6.725991821289062500e+01 5.929148101806640625e+01 1.282680892944335938e+01
6.601765441894531250e+01 6.018174362182617188e+01 1.505012321472167969e+01
6.832472229003906250e+01 5.929148101806640625e+01 1.316885662078857422e+01
6.743738555908203125e+01 6.018174362182617188e+01 1.265578460693359375e+01
6.743738555908203125e+01 6.516721343994140625e+01 1.162963962554931641e+01
6.672752380371093750e+01 6.837216186523437500e+01 8.893255233764648438e+00
6.672752380371093750e+01 6.837216186523437500e+01 8.893255233764648438e+00
6.725991821289062500e+01 7.496010589599609375e+01 7.696084976196289062e+00
6.690498352050781250e+01 8.493104553222656250e+01 1.539216995239257812e+00
6.495285034179687500e+01 9.329950714111328125e+01 -7.867108821868896484e+00
6.388805007934570312e+01 1.014899215698242188e+02 -2.496952056884765625e+01
6.371058654785156250e+01 1.045168151855468750e+02 -4.121681213378906250e+01
6.406552124023437500e+01 9.917523956298828125e+01 -5.489873886108398438e+01
6.530778503417968750e+01 9.258730316162109375e+01 -6.293687438964843750e+01
6.530778503417968750e+01 9.258730316162109375e+01 -6.293687438964843750e+01
6.477538299560546875e+01 8.457493591308593750e+01 -7.063295745849609375e+01
6.122604751586914062e+01 7.068684387207031250e+01 -7.678982543945312500e+01
6.424298858642578125e+01 6.018174362182617188e+01 -7.764495086669921875e+01
6.193591690063476562e+01 4.184233856201171875e+01 -7.439549255371093750e+01
5.767671203613281250e+01 3.507634353637695312e+01 -7.131705474853515625e+01
5.217524337768554688e+01 1.638083076477050781e+01 -5.712205505371093750e+01
5.217524337768554688e+01 5.697679996490478516e+00 -3.694120788574218750e+01
5.217524337768554688e+01 5.697679996490478516e+00 -3.694120788574218750e+01
5.128790664672851562e+01 3.739103078842163086e+00 -1.864162826538085938e+01
5.554711151123046875e+01 1.014899253845214844e+01 -2.223314046859741211e+00
6.051618194580078125e+01 2.154435157775878906e+01 1.009042263031005859e+01
6.317818450927734375e+01 3.240555572509765625e+01 1.402397823333740234e+01
6.282324981689453125e+01 4.985469818115234375e+01 1.470807361602783203e+01
6.229085159301757812e+01 6.320863723754882812e+01 1.419500160217285156e+01
6.193591690063476562e+01 7.353568267822265625e+01 1.009042263031005859e+01
6.193591690063476562e+01 7.353568267822265625e+01 1.009042263031005859e+01
6.016124725341796875e+01 8.564324951171875000e+01 8.551210165023803711e-01
5.696684646606445312e+01 1.002435607910156250e+02 -1.658933830261230469e+01
5.643444442749023438e+01 1.043387680053710938e+02 -3.523096847534179688e+01
5.874151229858398438e+01 1.013118743896484375e+02 -5.147826004028320312e+01
5.838658142089843750e+01 9.205313873291015625e+01 -6.516018676757812500e+01
5.785417938232421875e+01 7.976751708984375000e+01 -7.490856170654296875e+01
5.732178115844726562e+01 6.819410705566406250e+01 -7.610572814941406250e+01
5.696684646606445312e+01 5.430601119995117188e+01 -7.713187408447265625e+01
5.696684646606445312e+01 5.430601119995117188e+01 -7.713187408447265625e+01
5.838658142089843750e+01 4.148623275756835938e+01 -7.473754119873046875e+01
5.572457885742187500e+01 3.026892471313476562e+01 -6.977783966064453125e+01
4.986817169189453125e+01 1.727109336853027344e+01 -5.831922149658203125e+01
4.756110382080078125e+01 6.053784847259521484e+00 -4.275602722167968750e+01
5.022310638427734375e+01 3.026891946792602539e+00 -2.274620628356933594e+01
5.022310638427734375e+01 7.300151824951171875e+00 -6.327891826629638672e+00
5.182030868530273438e+01 1.566862106323242188e+01 5.472772121429443359e+00
5.182030868530273438e+01 1.566862106323242188e+01 5.472772121429443359e+00
5.377244186401367188e+01 2.546150779724121094e+01 1.145861625671386719e+01
5.306257629394531250e+01 3.650076293945312500e+01 1.624729156494140625e+01
5.306257629394531250e+01 4.896443557739257812e+01 1.658933830261230469e+01
4.933577346801757812e+01 3.703491973876953125e+01 1.744445991516113281e+01
4.418923568725585938e+01 1.584667301177978516e+01 4.617650985717773438e+00
4.507656860351562500e+01 3.917155027389526367e+00 -2.223313522338867188e+01
4.969070816040039062e+01 5.697679996490478516e+00 -3.967759323120117188e+01
4.969070816040039062e+01 5.697679996490478516e+00 -3.967759323120117188e+01
5.377244186401367188e+01 2.368098258972167969e+01 -6.447608947753906250e+01
5.962884902954101562e+01 5.127912139892578125e+01 -7.730290222167968750e+01
5.927391433715820312e+01 6.801605224609375000e+01 -7.764495086669921875e+01
6.087111663818359375e+01 8.564324951171875000e+01 -7.097500610351562500e+01
6.229085159301757812e+01 9.490198516845703125e+01 -6.139765548706054688e+01
6.300071716308593750e+01 1.030923995971679688e+02 -3.984861755371093750e+01
6.335565185546875000e+01 1.009557647705078125e+02 -1.829957962036132812e+01
6.335565185546875000e+01 1.009557647705078125e+02 -1.829957962036132812e+01
6.388805007934570312e+01 9.223119354248046875e+01 -8.893255233764648438e+00
6.424298858642578125e+01 7.941141510009765625e+01 6.156867980957031250e+00
6.388805007934570312e+01 6.872826385498046875e+01 1.231373596191406250e+01
6.282324981689453125e+01 6.018174362182617188e+01 1.505012321472167969e+01
6.548525238037109375e+01 5.679874801635742188e+01 1.351090621948242188e+01
6.637258911132812500e+01 4.664975357055664062e+01 1.505012321472167969e+01
6.796978759765625000e+01 2.403708839416503906e+01 8.722229957580566406e+00
6.796978759765625000e+01 2.403708839416503906e+01 8.722229957580566406e+00
6.921205902099609375e+01 1.246367454528808594e+01 -2.394337892532348633e+00
6.725991821289062500e+01 7.656258106231689453e+00 -1.590524291992187500e+01
6.832472229003906250e+01 6.587943077087402344e+00 -2.240415954589843750e+01
6.814725494384765625e+01 5.697679996490478516e+00 -2.873205184936523438e+01
6.921205902099609375e+01 5.341575145721435547e+00 -3.352072525024414062e+01
6.690498352050781250e+01 9.080677032470703125e+00 -4.361114883422851562e+01
6.601765441894531250e+01 1.816135406494140625e+01 -5.814819717407226562e+01
6.601765441894531250e+01 1.816135406494140625e+01 -5.814819717407226562e+01
6.850218963623046875e+01 3.774713134765625000e+01 -7.183013153076171875e+01
6.796978759765625000e+01 5.573043060302734375e+01 -7.610572814941406250e+01
6.530778503417968750e+01 7.656257629394531250e+01 -7.456651306152343750e+01
5.998377990722656250e+01 8.617740631103515625e+01 -6.943579101562500000e+01
5.927391433715820312e+01 9.757276916503906250e+01 -5.849024581909179688e+01
5.554711151123046875e+01 1.038046112060546875e+02 -4.497934341430664062e+01
5.359497833251953125e+01 1.029143447875976562e+02 -2.839000320434570312e+01
5.359497833251953125e+01 1.029143447875976562e+02 -2.839000320434570312e+01
5.661191177368164062e+01 9.917523956298828125e+01 -1.590524291992187500e+01
5.714431381225585938e+01 9.116287994384765625e+01 -4.788674831390380859e+00
5.678937911987304688e+01 7.442594146728515625e+01 9.235301971435546875e+00
5.678937911987304688e+01 7.442594146728515625e+01 9.235301971435546875e+00
6.033871459960937500e+01 3.240555572509765625e+01 1.436602592468261719e+01
6.158098220825195312e+01 2.154435157775878906e+01 8.722229957580566406e+00
6.158098220825195312e+01 1.228562259674072266e+01 -2.223314046859741211e+00
6.158098220825195312e+01 1.228562259674072266e+01 -2.223314046859741211e+00
6.495285034179687500e+01 5.697679996490478516e+00 -1.299783325195312500e+01
6.317818450927734375e+01 5.341575145721435547e+00 -2.189108657836914062e+01
6.442044830322265625e+01 4.807416915893554688e+00 -3.198151016235351562e+01
6.601765441894531250e+01 7.478205204010009766e+00 -4.446627044677734375e+01
6.530778503417968750e+01 1.460030460357666016e+01 -5.233337783813476562e+01
6.140351486206054688e+01 3.418608093261718750e+01 -6.875169372558593750e+01
6.282324981689453125e+01 5.733290481567382812e+01 -7.696085357666015625e+01
6.246831512451171875e+01 8.012362670898437500e+01 -7.354036712646484375e+01
6.246831512451171875e+01 8.012362670898437500e+01 -7.354036712646484375e+01
6.690498352050781250e+01 9.312145996093750000e+01 -6.344994735717773438e+01
6.637258911132812500e+01 9.828498077392578125e+01 -5.096518707275390625e+01
6.725991821289062500e+01 1.002435607910156250e+02 -4.771572875976562500e+01
6.779232025146484375e+01 1.022021331787109375e+02 -4.001964187622070312e+01
6.513031768798828125e+01 1.020240859985351562e+02 -3.266560745239257812e+01
6.867965698242187500e+01 9.846303558349609375e+01 -2.240415954589843750e+01
6.246831512451171875e+01 9.508003234863281250e+01 -1.060349464416503906e+01
6.033871459960937500e+01 8.154804229736328125e+01 4.788674831390380859e+00
6.033871459960937500e+01 8.154804229736328125e+01 4.788674831390380859e+00
5.980631637573242188e+01 6.570137023925781250e+01 1.316885662078857422e+01
5.998377990722656250e+01 4.771807098388671875e+01 1.744445991516113281e+01
6.087111663818359375e+01 2.937866210937500000e+01 1.248476123809814453e+01
6.371058654785156250e+01 1.477835845947265625e+01 1.539216995239257812e+00
6.477538299560546875e+01 5.519628047943115234e+00 -1.966777229309082031e+01
6.566271972656250000e+01 7.122099876403808594e+00 -3.283663177490234375e+01
6.530778503417968750e+01 7.478205204010009766e+00 -4.241397857666015625e+01
6.530778503417968750e+01 7.478205204010009766e+00 -4.241397857666015625e+01
6.158098220825195312e+01 1.192951774597167969e+01 -5.011006546020507812e+01
6.104858398437500000e+01 1.566862106323242188e+01 -5.609590911865234375e+01
6.069364929199218750e+01 2.492734909057617188e+01 -6.601530456542968750e+01
6.211338424682617188e+01 3.561050033569335938e+01 -7.217217254638671875e+01
6.335565185546875000e+01 5.430601119995117188e+01 -7.644777679443359375e+01
6.317818450927734375e+01 5.270354080200195312e+01 -7.559265899658203125e+01
6.282324981689453125e+01 2.848839950561523438e+01 -6.635735321044921875e+01
6.282324981689453125e+01 2.848839950561523438e+01 -6.635735321044921875e+01
5.891897964477539062e+01 8.546521186828613281e+00 -4.480831909179687500e+01
5.838658142089843750e+01 2.670788049697875977e+00 -2.069391822814941406e+01
5.998377990722656250e+01 1.210756969451904297e+01 -3.078433990478515625e+00
6.033871459960937500e+01 2.207851028442382812e+01 8.551205635070800781e+00
5.998377990722656250e+01 4.130818176269531250e+01 1.676036262512207031e+01
5.714431381225585938e+01 5.092301559448242188e+01 1.676036262512207031e+01
5.714431381225585938e+01 6.409889984130859375e+01 1.402397823333740234e+01
5.714431381225585938e+01 6.409889984130859375e+01 1.402397823333740234e+01
5.820911407470703125e+01 7.941141510009765625e+01 6.156867980957031250e+00
6.282324981689453125e+01 9.970939636230468750e+01 -2.120698928833007812e+01
6.424298858642578125e+01 1.029143447875976562e+02 -4.036169052124023438e+01
6.459791564941406250e+01 9.864108276367187500e+01 -5.609590911865234375e+01
6.495285034179687500e+01 8.653351593017578125e+01 -6.704145050048828125e+01
6.264578247070312500e+01 7.567230987548828125e+01 -7.507958221435546875e+01
6.104858398437500000e+01 6.160616683959960938e+01 -7.764495086669921875e+01
6.104858398437500000e+01 6.160616683959960938e+01 -7.764495086669921875e+01
6.229085159301757812e+01 5.466211700439453125e+01 -7.610572814941406250e+01
6.193591690063476562e+01 4.682780838012695312e+01 -7.610572814941406250e+01
6.140351486206054688e+01 3.596660614013671875e+01 -7.217217254638671875e+01
6.335565185546875000e+01 1.264172840118408203e+01 -5.216235351562500000e+01
6.193591690063476562e+01 2.670788049697875977e+00 -2.787693023681640625e+01
6.282324981689453125e+01 7.122099876403808594e+00 -5.814819812774658203e+00
6.104858398437500000e+01 2.029798507690429688e+01 7.525061130523681641e+00
6.104858398437500000e+01 2.029798507690429688e+01 7.525061130523681641e+00
5.945138168334960938e+01 3.970570755004882812e+01 1.522114658355712891e+01
5.820911407470703125e+01 4.700585937500000000e+01 1.539216995239257812e+01
6.104858398437500000e+01 4.558143997192382812e+01 1.573421859741210938e+01
6.069364929199218750e+01 4.202038955688476562e+01 1.607626724243164062e+01
5.643444442749023438e+01 3.632270812988281250e+01 1.505012321472167969e+01
5.607951354980468750e+01 2.777618980407714844e+01 1.265578460693359375e+01
5.359497833251953125e+01 1.602472305297851562e+01 4.446627140045166016e+00
5.359497833251953125e+01 1.602472305297851562e+01 4.446627140045166016e+00
5.749924468994140625e+01 4.273260116577148438e+00 -1.983879661560058594e+01
5.980631637573242188e+01 7.300151824951171875e+00 -4.087476348876953125e+01
6.264578247070312500e+01 1.940772247314453125e+01 -5.900331878662109375e+01
6.211338424682617188e+01 5.199132919311523438e+01 -7.730290222167968750e+01
6.140351486206054688e+01 7.620646667480468750e+01 -7.422446441650390625e+01
6.229085159301757812e+01 9.347756195068359375e+01 -6.173970413208007812e+01
6.264578247070312500e+01 1.020240859985351562e+02 -4.292705154418945312e+01
6.264578247070312500e+01 1.020240859985351562e+02 -4.292705154418945312e+01
6.193591690063476562e+01 1.020240859985351562e+02 -2.958717155456542969e+01
5.324004364013671875e+01 1.007777175903320312e+02 -2.120698928833007812e+01
4.028496551513671875e+01 9.597029876708984375e+01 -1.351090621948242188e+01
3.336376190185546875e+01 8.938235473632812500e+01 -7.867108821868896484e+00
2.750735473632812500e+01 8.172609710693359375e+01 -5.643795967102050781e+00
2.520028686523437500e+01 7.371373748779296875e+01 -1.710240960121154785e+00
2.626508712768554688e+01 7.228931427001953125e+01 -6.840959787368774414e-01
2.626508712768554688e+01 7.228931427001953125e+01 -6.840959787368774414e-01
2.626508712768554688e+01 7.157710266113281250e+01 -3.420479893684387207e-01
2.591015434265136719e+01 7.335762786865234375e+01 -1.368193030357360840e+00
2.182841682434082031e+01 6.534526824951171875e+01 -2.223314046859741211e+00
1.863401412963867188e+01 4.647170257568359375e+01 1.710239946842193604e-01
2.679748916625976562e+01 3.222750091552734375e+01 4.617650985717773438e+00
4.827097320556640625e+01 2.563956069946289062e+01 1.026144695281982422e+01
6.743738555908203125e+01 3.026892471313476562e+01 9.577350616455078125e+00
6.743738555908203125e+01 3.026892471313476562e+01 9.577350616455078125e+00
7.240645599365234375e+01 3.561050033569335938e+01 1.197168922424316406e+01
7.009938812255859375e+01 4.291065216064453125e+01 1.316885662078857422e+01
6.761485290527343750e+01 4.504728317260742188e+01 1.385295295715332031e+01
6.743738555908203125e+01 5.305964660644531250e+01 1.402397823333740234e+01
6.601765441894531250e+01 5.697679901123046875e+01 1.333988094329833984e+01
6.406552124023437500e+01 6.249642562866210938e+01 1.145861625671386719e+01
5.519217681884765625e+01 7.887725830078125000e+01 6.327891826629638672e+00
5.519217681884765625e+01 7.887725830078125000e+01 6.327891826629638672e+00
5.057804107666015625e+01 7.852114868164062500e+01 4.959699153900146484e+00
4.773857116699218750e+01 8.315052032470703125e+01 1.539216995239257812e+00
4.330190277099609375e+01 8.297246551513671875e+01 -3.420479893684387207e-01
3.744549560546875000e+01 7.887725830078125000e+01 1.539216995239257812e+00
3.726802825927734375e+01 7.585036468505859375e+01 4.104578971862792969e+00
3.709056472778320312e+01 7.353568267822265625e+01 4.959699153900146484e+00
3.141162490844726562e+01 7.139905548095703125e+01 2.907409906387329102e+00
3.141162490844726562e+01 7.139905548095703125e+01 2.907409906387329102e+00
3.141162490844726562e+01 7.139905548095703125e+01 2.907409906387329102e+00
2.307068443298339844e+01 4.130818176269531250e+01 5.814819812774658203e+00
3.442856216430664062e+01 2.635177040100097656e+01 5.814819812774658203e+00
4.809350585937500000e+01 2.047603607177734375e+01 8.380182266235351562e+00
6.033871459960937500e+01 2.670787429809570312e+01 9.577350616455078125e+00
6.956698608398437500e+01 3.525439453125000000e+01 1.060349464416503906e+01
7.293885803222656250e+01 4.469117736816406250e+01 1.145861625671386719e+01
7.400366210937500000e+01 5.038885879516601562e+01 1.043247222900390625e+01
7.400366210937500000e+01 5.038885879516601562e+01 1.043247222900390625e+01
7.347126007080078125e+01 5.626459121704101562e+01 1.231373596191406250e+01
7.205152130126953125e+01 5.840121841430664062e+01 1.162963962554931641e+01
7.080925750732421875e+01 5.929148101806640625e+01 1.111656761169433594e+01
6.282324981689453125e+01 5.804511642456054688e+01 1.333988094329833984e+01
5.661191177368164062e+01 6.000369262695312500e+01 1.351090621948242188e+01
5.891897964477539062e+01 6.516721343994140625e+01 1.197168922424316406e+01
5.749924468994140625e+01 6.979657745361328125e+01 1.094554424285888672e+01
5.749924468994140625e+01 6.979657745361328125e+01 1.094554424285888672e+01
5.377244186401367188e+01 8.030167388916015625e+01 4.617650985717773438e+00
4.827097320556640625e+01 8.795793151855468750e+01 -2.052289009094238281e+00
4.649630355834960938e+01 9.187509155273437500e+01 -6.498916149139404297e+00
4.418923568725585938e+01 9.597029876708984375e+01 -1.487909793853759766e+01
3.744549560546875000e+01 9.668251037597656250e+01 -2.308825492858886719e+01
2.218335151672363281e+01 8.884819793701171875e+01 -2.479849624633789062e+01
9.760675430297851562e+00 6.641358184814453125e+01 -1.829957962036132812e+01
9.760675430297851562e+00 6.641358184814453125e+01 -1.829957962036132812e+01
1.171280956268310547e+01 4.095207595825195312e+01 -1.060349464416503906e+01
2.360308647155761719e+01 2.973476791381835938e+01 -2.223314046859741211e+00
3.762296295166015625e+01 2.457124519348144531e+01 7.183012962341308594e+00
5.483724594116210938e+01 2.688592720031738281e+01 1.009042263031005859e+01
6.442044830322265625e+01 3.293971252441406250e+01 1.145861625671386719e+01
7.382619476318359375e+01 4.308870315551757812e+01 1.128759193420410156e+01
7.613326263427734375e+01 5.181327819824218750e+01 1.077451896667480469e+01
7.613326263427734375e+01 5.181327819824218750e+01 1.077451896667480469e+01
7.737552642822265625e+01 5.234743499755859375e+01 8.893255233764648438e+00
7.719805908203125000e+01 5.430601119995117188e+01 9.406327247619628906e+00
7.506845855712890625e+01 5.715485382080078125e+01 9.748374938964843750e+00
7.134165954589843750e+01 6.694773864746093750e+01 8.551205635070800781e+00
6.424298858642578125e+01 7.442594146728515625e+01 7.867108821868896484e+00
5.625697708129882812e+01 8.243830871582031250e+01 3.249458074569702148e+00
4.596390533447265625e+01 9.205313873291015625e+01 -1.043247222900390625e+01
4.596390533447265625e+01 9.205313873291015625e+01 -1.043247222900390625e+01
3.567082977294921875e+01 9.739471435546875000e+01 -2.377235221862792969e+01
2.999188995361328125e+01 9.597029876708984375e+01 -2.958717155456542969e+01
2.732988929748535156e+01 9.329950714111328125e+01 -3.112638854980468750e+01
1.490721321105957031e+01 8.154804229736328125e+01 -3.215253448486328125e+01
7.276138782501220703e+00 6.107200622558593750e+01 -2.890307617187500000e+01
9.050806999206542969e+00 4.433507156372070312e+01 -2.650873756408691406e+01
1.171280956268310547e+01 3.169334411621093750e+01 -2.667976188659667969e+01
1.171280956268310547e+01 3.169334411621093750e+01 -2.667976188659667969e+01
1.721428108215332031e+01 2.439319229125976562e+01 -4.087476348876953125e+01
2.520028686523437500e+01 2.528345489501953125e+01 -5.164928054809570312e+01
2.821722221374511719e+01 3.080308341979980469e+01 -6.173970413208007812e+01
2.466788673400878906e+01 4.718391418457031250e+01 -6.721247863769531250e+01
1.881148147583007812e+01 6.623552703857421875e+01 -6.122663116455078125e+01
1.668188095092773438e+01 7.976751708984375000e+01 -4.959699249267578125e+01
1.703681373596191406e+01 8.795793151855468750e+01 -4.138783645629882812e+01
1.703681373596191406e+01 8.795793151855468750e+01 -4.138783645629882812e+01
2.289321708679199219e+01 9.027262115478515625e+01 -2.958717155456542969e+01
2.573268508911132812e+01 8.742377471923828125e+01 -1.864162826538085938e+01
2.626508712768554688e+01 8.368467712402343750e+01 -1.026144695281982422e+01
2.963695716857910156e+01 8.136999511718750000e+01 -3.591506004333496094e+00
3.194402503967285156e+01 8.154804229736328125e+01 -2.052289009094238281e+00
3.886523056030273438e+01 8.742377471923828125e+01 -3.933554887771606445e+00
4.862590408325195312e+01 9.187509155273437500e+01 -6.840963840484619141e+00
4.862590408325195312e+01 9.187509155273437500e+01 -6.840963840484619141e+00
5.785417938232421875e+01 9.294340515136718750e+01 -6.498916149139404297e+00
6.584018707275390625e+01 8.315052032470703125e+01 2.907409906387329102e+00
6.282324981689453125e+01 7.585036468505859375e+01 7.525061130523681641e+00
4.738363647460937500e+01 6.249642562866210938e+01 1.351090621948242188e+01
3.087922477722167969e+01 5.448406600952148438e+01 1.026144695281982422e+01
2.253828430175781250e+01 6.392084884643554688e+01 1.197168946266174316e+00
1.472974491119384766e+01 7.887725830078125000e+01 -1.898367691040039062e+01
1.472974491119384766e+01 7.887725830078125000e+01 -1.898367691040039062e+01
1.455227947235107422e+01 7.834310150146484375e+01 -3.625711059570312500e+01
1.260014438629150391e+01 7.139905548095703125e+01 -4.668958282470703125e+01
1.082547569274902344e+01 6.000369262695312500e+01 -5.011006546020507812e+01
9.583209037780761719e+00 5.199132919311523438e+01 -4.720265579223632812e+01
9.760675430297851562e+00 5.003275299072265625e+01 -4.839982604980468750e+01
9.760675430297851562e+00 4.575949096679687500e+01 -4.908391952514648438e+01
1.064800930023193359e+01 4.380091476440429688e+01 -4.515036773681640625e+01
1.064800930023193359e+01 4.380091476440429688e+01 -4.515036773681640625e+01
9.583209037780761719e+00 4.415702056884765625e+01 -4.344012451171875000e+01
8.518406867980957031e+00 3.810323333740234375e+01 -3.625711059570312500e+01
1.064800930023193359e+01 3.276166152954101562e+01 -2.975819587707519531e+01
1.029307460784912109e+01 3.311776351928710938e+01 -2.736385726928710938e+01
9.050806999206542969e+00 3.365192413330078125e+01 -2.992922019958496094e+01
1.064800930023193359e+01 4.202038955688476562e+01 -4.857084655761718750e+01
1.597201347351074219e+01 6.587942504882812500e+01 -5.506976318359375000e+01
1.597201347351074219e+01 6.587942504882812500e+01 -5.506976318359375000e+01
1.384241104125976562e+01 7.691867828369140625e+01 -4.344012451171875000e+01
1.135787582397460938e+01 7.549426269531250000e+01 -4.172988510131835938e+01
1.171280956268310547e+01 7.513815307617187500e+01 -3.146843719482421875e+01
1.171280956268310547e+01 7.513815307617187500e+01 -2.394337654113769531e+01
1.437481212615966797e+01 6.605747985839843750e+01 -1.145861625671386719e+01
1.366494464874267578e+01 5.786706161499023438e+01 -5.985844135284423828e+00
1.614947891235351562e+01 5.145717239379882812e+01 -4.959699153900146484e+00
1.455227947235107422e+01 4.415702056884765625e+01 -4.446627140045166016e+00
1.455227947235107422e+01 4.415702056884765625e+01 -4.446627140045166016e+00
1.401987934112548828e+01 3.614465713500976562e+01 -6.327891826629638672e+00
1.153534317016601562e+01 3.436413192749023438e+01 -1.624729156494140625e+01
1.082547569274902344e+01 3.258360671997070312e+01 -2.035186958312988281e+01
1.011560916900634766e+01 3.080308341979980469e+01 -2.856102752685546875e+01
1.189027595520019531e+01 3.863739395141601562e+01 -4.497934341430664062e+01
1.153534317016601562e+01 4.896443557739257812e+01 -5.250440216064453125e+01
1.064800930023193359e+01 5.626459121704101562e+01 -5.199132919311523438e+01
1.064800930023193359e+01 5.626459121704101562e+01 -5.199132919311523438e+01
1.242267704010009766e+01 6.481111145019531250e+01 -5.370157241821289062e+01
1.100294303894042969e+01 7.050878906250000000e+01 -4.549241256713867188e+01
1.047054195404052734e+01 7.282347106933593750e+01 -3.916452026367187500e+01
1.260014438629150391e+01 7.424789428710937500e+01 -2.719283485412597656e+01
1.189027595520019531e+01 7.211125946044921875e+01 -1.966777229309082031e+01
1.189027595520019531e+01 5.857927322387695312e+01 -1.248476123809814453e+01
1.277761077880859375e+01 5.092301559448242188e+01 -7.183012962341308594e+00
1.366494464874267578e+01 4.575949096679687500e+01 -4.959699153900146484e+00
1.366494464874267578e+01 4.575949096679687500e+01 -4.959699153900146484e+00
1.508467864990234375e+01 3.578855133056640625e+01 -8.038133621215820312e+00
1.242267704010009766e+01 3.133724021911621094e+01 -1.607626724243164062e+01
1.064800930023193359e+01 3.382997512817382812e+01 -2.052289390563964844e+01
1.064800930023193359e+01 3.418608093261718750e+01 -2.325927925109863281e+01
8.695874214172363281e+00 3.543244934082031250e+01 -2.856102752685546875e+01
9.583209037780761719e+00 3.917155075073242188e+01 -3.899349975585937500e+01
9.938140869140625000e+00 4.486922836303710938e+01 -4.549241256713867188e+01
9.938140869140625000e+00 4.486922836303710938e+01 -4.549241256713867188e+01
1.047054195404052734e+01 5.501822280883789062e+01 -5.045211410522460938e+01
9.405740737915039062e+00 6.035979843139648438e+01 -4.771572875976562500e+01
1.277761077880859375e+01 6.694773864746093750e+01 -4.925494384765625000e+01
1.384241104125976562e+01 7.585036468505859375e+01 -4.549241256713867188e+01
1.295507812500000000e+01 7.531620788574218750e+01 -3.540199279785156250e+01
1.331001091003417969e+01 7.317958068847656250e+01 -2.479849624633789062e+01
1.331001091003417969e+01 7.496010589599609375e+01 -2.137801361083984375e+01
1.331001091003417969e+01 7.496010589599609375e+01 -2.137801361083984375e+01
1.845654869079589844e+01 7.549426269531250000e+01 -1.299783325195312500e+01
2.040868377685546875e+01 6.320863723754882812e+01 -1.197168946266174316e+00
2.732988929748535156e+01 4.344480895996093750e+01 7.867108821868896484e+00
3.265389251708984375e+01 2.813229560852050781e+01 4.104578971862792969e+00
3.531589508056640625e+01 1.655888175964355469e+01 -1.197168946266174316e+00
3.726802825927734375e+01 1.139535999298095703e+01 -1.094554424285888672e+01
4.081736755371093750e+01 5.697679996490478516e+00 -1.983879661560058594e+01
4.081736755371093750e+01 5.697679996490478516e+00 -1.983879661560058594e+01
4.454417037963867188e+01 5.163523197174072266e+00 -2.924512290954589844e+01
5.111044311523437500e+01 8.546521186828613281e+00 -4.070373916625976562e+01
6.122604751586914062e+01 2.439319229125976562e+01 -6.481813812255859375e+01
6.495285034179687500e+01 4.878638458251953125e+01 -7.627675628662109375e+01
6.495285034179687500e+01 4.878638458251953125e+01 -7.627675628662109375e+01
6.655005645751953125e+01 7.923336029052734375e+01 -7.200115203857421875e+01
6.477538299560546875e+01 8.884819793701171875e+01 -6.413404083251953125e+01
6.477538299560546875e+01 8.884819793701171875e+01 -6.413404083251953125e+01
6.069364929199218750e+01 1.014899215698242188e+02 -3.694120788574218750e+01
5.998377990722656250e+01 9.935329437255859375e+01 -2.257518386840820312e+01
5.732178115844726562e+01 9.525808715820312500e+01 -1.111656761169433594e+01
5.891897964477539062e+01 8.760182952880859375e+01 -2.394337892532348633e+00
5.927391433715820312e+01 7.228931427001953125e+01 8.893255233764648438e+00
5.945138168334960938e+01 4.504728317260742188e+01 1.487909793853759766e+01
6.140351486206054688e+01 2.421513938903808594e+01 9.235301971435546875e+00
6.140351486206054688e+01 2.421513938903808594e+01 9.235301971435546875e+00
6.459791564941406250e+01 1.460030460357666016e+01 3.078433990478515625e+00
6.033871459960937500e+01 7.834310054779052734e+00 -1.128759193420410156e+01
6.122604751586914062e+01 5.163523197174072266e+00 -2.274620628356933594e+01
6.282324981689453125e+01 5.697679996490478516e+00 -3.523096847534179688e+01
6.229085159301757812e+01 8.368468284606933594e+00 -4.224295425415039062e+01
6.317818450927734375e+01 1.317588615417480469e+01 -5.028108978271484375e+01
6.388805007934570312e+01 2.706398010253906250e+01 -6.430506896972656250e+01
6.388805007934570312e+01 2.706398010253906250e+01 -6.430506896972656250e+01
6.388805007934570312e+01 4.736196517944335938e+01 -7.354036712646484375e+01
6.424298858642578125e+01 6.801605224609375000e+01 -7.661880493164062500e+01
6.193591690063476562e+01 7.994557189941406250e+01 -7.029090881347656250e+01
5.803164672851562500e+01 8.991651153564453125e+01 -6.618633270263671875e+01
5.075550842285156250e+01 9.686055755615234375e+01 -5.917434310913085938e+01
4.472163772583007812e+01 9.935329437255859375e+01 -4.583446121215820312e+01
3.212149429321289062e+01 9.703861236572265625e+01 -3.437584686279296875e+01
3.212149429321289062e+01 9.703861236572265625e+01 -3.437584686279296875e+01
2.129601669311523438e+01 8.867014312744140625e+01 -2.873205184936523438e+01
1.419734477996826172e+01 7.691867828369140625e+01 -2.291723060607910156e+01
1.348747825622558594e+01 7.086489868164062500e+01 -1.710241127014160156e+01
1.331001091003417969e+01 6.570137023925781250e+01 -1.214271163940429688e+01
1.348747825622558594e+01 6.196226882934570312e+01 -1.094554424285888672e+01
1.242267704010009766e+01 5.448406600952148438e+01 -1.060349464416503906e+01
1.455227947235107422e+01 4.558143997192382812e+01 -4.788674831390380859e+00
1.455227947235107422e+01 4.558143997192382812e+01 -4.788674831390380859e+00
2.200588417053222656e+01 4.736196517944335938e+01 3.078433990478515625e+00
3.212149429321289062e+01 4.754001617431640625e+01 1.145861625671386719e+01
4.205963516235351562e+01 5.751095581054687500e+01 1.487909793853759766e+01
4.720617294311523438e+01 6.659163665771484375e+01 1.197168922424316406e+01
4.915830612182617188e+01 7.104294586181640625e+01 1.111656761169433594e+01
5.359497833251953125e+01 7.585036468505859375e+01 6.840963840484619141e+00
5.359497833251953125e+01 7.585036468505859375e+01 6.840963840484619141e+00
4.685123825073242188e+01 8.190415191650390625e+01 3.420481920242309570e+00
3.709056472778320312e+01 8.208219909667968750e+01 -1.710239946842193604e-01
2.874962234497070312e+01 8.938235473632812500e+01 -1.607626724243164062e+01
2.768482208251953125e+01 9.294340515136718750e+01 -2.702181053161621094e+01
2.768482208251953125e+01 9.080677795410156250e+01 -2.120698928833007812e+01
1.721428108215332031e+01 7.994557189941406250e+01 -1.966777229309082031e+01
7.098671913146972656e+00 5.804511642456054688e+01 -1.915470123291015625e+01
1.224520969390869141e+01 3.009087181091308594e+01 -1.761548423767089844e+01
1.224520969390869141e+01 3.009087181091308594e+01 -1.761548423767089844e+01
4.294696807861328125e+01 7.478205204010009766e+00 -6.840963840484619141e+00
7.968259429931640625e+01 1.655888175964355469e+01 -5.301746845245361328e+00
9.654194641113281250e+01 3.988375854492187500e+01 -1.607626724243164062e+01
9.778421020507812500e+01 6.071590423583984375e+01 -1.145861625671386719e+01
8.340940093994140625e+01 7.371373748779296875e+01 3.420479893684387207e-01
5.536964416503906250e+01 8.119194030761718750e+01 5.814819812774658203e+00
3.034682464599609375e+01 8.101388549804687500e+01 -3.933554887771606445e+00
3.034682464599609375e+01 8.101388549804687500e+01 -3.933554887771606445e+00
1.579454708099365234e+01 8.493104553222656250e+01 -2.890307617187500000e+01
2.644255447387695312e+01 9.418977355957031250e+01 -4.224295425415039062e+01
3.531589508056640625e+01 9.454587554931640625e+01 -2.206211090087890625e+01
2.910455703735351562e+01 6.944047546386718750e+01 3.078433990478515625e+00
1.703681373596191406e+01 5.519627380371093750e+01 -2.736386060714721680e+00
8.340941429138183594e+00 4.469117736816406250e+01 -1.693138694763183594e+01
9.583209037780761719e+00 3.561050033569335938e+01 -3.044229316711425781e+01
2.555522155761718750e+01 1.353199100494384766e+01 -3.659915924072265625e+01
2.555522155761718750e+01 1.353199100494384766e+01 -3.659915924072265625e+01
6.584018707275390625e+01 5.519628047943115234e+00 -2.787693023681640625e+01
8.926580810546875000e+01 2.332487678527832031e+01 -1.556319522857666016e+01
9.387994384765625000e+01 4.647170257568359375e+01 -4.275602817535400391e+00
7.045432281494140625e+01 6.000369262695312500e+01 1.282680892944335938e+01
4.401176834106445312e+01 7.122100067138671875e+01 8.551205635070800781e+00
2.431295204162597656e+01 7.531620788574218750e+01 -1.881265044212341309e+00
1.774668121337890625e+01 7.976751708984375000e+01 -1.710241127014160156e+01
1.774668121337890625e+01 7.976751708984375000e+01 -1.710241127014160156e+01
2.218335151672363281e+01 8.493104553222656250e+01 -2.137801361083984375e+01
2.662002182006835938e+01 8.261636352539062500e+01 -8.893255233764648438e+00
2.466788673400878906e+01 6.320863723754882812e+01 1.881265044212341309e+00
1.295507812500000000e+01 5.074496078491210938e+01 -5.301746845245361328e+00
8.163474082946777344e+00 4.629365158081054688e+01 -1.676036262512207031e+01
6.566271781921386719e+00 4.825222778320312500e+01 -2.787693023681640625e+01
1.100294303894042969e+01 3.561050033569335938e+01 -3.728325653076171875e+01
1.100294303894042969e+01 3.561050033569335938e+01 -3.728325653076171875e+01
3.229895782470703125e+01 8.902626037597656250e+00 -3.454687118530273438e+01
6.903459167480468750e+01 5.519628047943115234e+00 -1.829957962036132812e+01
9.015313720703125000e+01 2.385903549194335938e+01 -1.676036262512207031e+01
9.778421020507812500e+01 4.255454635620117188e+01 -1.829957962036132812e+01
9.955888366699218750e+01 6.249642562866210938e+01 -1.590524291992187500e+01
9.033060455322265625e+01 7.496010589599609375e+01 -9.748374938964843750e+00
7.169659423828125000e+01 8.439688873291015625e+01 1.710240960121154785e+00
7.169659423828125000e+01 8.439688873291015625e+01 1.710240960121154785e+00
4.560897064208984375e+01 8.599935913085937500e+01 8.551210165023803711e-01
2.253828430175781250e+01 7.994557189941406250e+01 -1.043247222900390625e+01
1.472974491119384766e+01 8.101388549804687500e+01 -2.650873756408691406e+01
2.591015434265136719e+01 9.080677795410156250e+01 -2.599566459655761719e+01
3.691309738159179688e+01 8.902625274658203125e+01 -1.128759193420410156e+01
3.602576065063476562e+01 7.139905548095703125e+01 5.985844135284423828e+00
2.271575164794921875e+01 5.377185440063476562e+01 4.104578971862792969e+00
2.271575164794921875e+01 5.377185440063476562e+01 4.104578971862792969e+00
1.543961334228515625e+01 2.759813690185546875e+01 -2.445644760131835938e+01
2.307068443298339844e+01 1.744914436340332031e+01 -4.138783645629882812e+01
4.312443542480468750e+01 6.231836795806884766e+00 -3.369174957275390625e+01
6.122604751586914062e+01 1.228562259674072266e+01 -1.539216995239257812e+00
5.270764160156250000e+01 3.578855133056640625e+01 1.351090621948242188e+01
3.300882720947265625e+01 6.303058624267578125e+01 8.209157943725585938e+00
1.632694625854492188e+01 7.976751708984375000e+01 -1.949674987792968750e+01
1.632694625854492188e+01 7.976751708984375000e+01 -1.949674987792968750e+01
1.952134895324707031e+01 8.724572753906250000e+01 -4.036169052124023438e+01
2.768482208251953125e+01 9.508003234863281250e+01 -4.104578781127929688e+01
2.768482208251953125e+01 9.508003234863281250e+01 -4.104578781127929688e+01
4.525403594970703125e+01 8.350662231445312500e+01 1.710239946842193604e-01
2.413548660278320312e+01 6.303058624267578125e+01 2.052289009094238281e+00
1.082547569274902344e+01 3.365192413330078125e+01 -2.377235221862792969e+01
3.158909225463867188e+01 1.531251621246337891e+01 -4.583446121215820312e+01
3.158909225463867188e+01 1.531251621246337891e+01 -4.583446121215820312e+01
6.051618194580078125e+01 3.739103078842163086e+00 -2.685078620910644531e+01
6.193591690063476562e+01 1.833940505981445312e+01 4.959699153900146484e+00
3.744549560546875000e+01 4.148623275756835938e+01 1.282680892944335938e+01
1.508467864990234375e+01 6.641358184814453125e+01 -5.985844135284423828e+00
1.721428108215332031e+01 8.030167388916015625e+01 -2.172006225585937500e+01
3.283135986328125000e+01 8.849209594726562500e+01 -1.145861625671386719e+01
3.105669212341308594e+01 6.712579345703125000e+01 4.617650985717773438e+00
3.105669212341308594e+01 6.712579345703125000e+01 4.617650985717773438e+00
1.472974491119384766e+01 4.362286376953125000e+01 -3.933554887771606445e+00
1.153534317016601562e+01 3.293971252441406250e+01 -1.795753288269042969e+01
2.378055191040039062e+01 1.780525016784667969e+01 -4.070373916625976562e+01
5.927391433715820312e+01 5.341575145721435547e+00 -3.762530517578125000e+01
8.110233306884765625e+01 1.584667301177978516e+01 -1.282680892944335938e+01
8.127980041503906250e+01 3.489828872680664062e+01 5.130722999572753906e+00
5.501470947265625000e+01 4.736196517944335938e+01 1.607626724243164062e+01
5.501470947265625000e+01 4.736196517944335938e+01 1.607626724243164062e+01
2.679748916625976562e+01 5.822316741943359375e+01 5.985844135284423828e+00
1.348747825622558594e+01 6.765995025634765625e+01 -9.577350616455078125e+00
1.792414855957031250e+01 7.567230987548828125e+01 -1.556319522857666016e+01
2.058614921569824219e+01 7.015268707275390625e+01 -3.762531042098999023e+00
1.490721321105957031e+01 4.522533416748046875e+01 -5.130722999572753906e+00
1.135787582397460938e+01 3.204944992065429688e+01 -2.257518386840820312e+01
2.200588417053222656e+01 1.816135406494140625e+01 -3.523096847534179688e+01
5.519217681884765625e+01 5.875731945037841797e+00 -3.608608627319335938e+01
5.519217681884765625e+01 5.875731945037841797e+00 -3.608608627319335938e+01
7.595579528808593750e+01 8.902626037597656250e+00 -2.804795455932617188e+01
9.281513977050781250e+01 2.795424270629882812e+01 -1.932572555541992188e+01
9.849407958984375000e+01 4.682780838012695312e+01 -1.522114658355712891e+01
9.370247650146484375e+01 5.555237960815429688e+01 -4.446627140045166016e+00
7.382619476318359375e+01 6.231837463378906250e+01 9.577350616455078125e+00
4.560897064208984375e+01 6.570137023925781250e+01 1.214271163940429688e+01
2.253828430175781250e+01 6.961853027343750000e+01 -1.881265044212341309e+00
2.253828430175781250e+01 6.961853027343750000e+01 -1.881265044212341309e+00
1.952134895324707031e+01 6.801605224609375000e+01 -4.788674831390380859e+00
2.023121643066406250e+01 5.982564163208007812e+01 -6.840959787368774414e-01
1.331001091003417969e+01 5.145717239379882812e+01 -3.933554887771606445e+00
7.098671913146972656e+00 4.664975357055664062e+01 -1.915470123291015625e+01
7.808538913726806641e+00 4.130818176269531250e+01 -3.454687118530273438e+01
2.289321708679199219e+01 1.905161666870117188e+01 -4.155886077880859375e+01
5.448231124877929688e+01 4.451313018798828125e+00 -3.163946151733398438e+01
5.448231124877929688e+01 4.451313018798828125e+00 -3.163946151733398438e+01
7.613326263427734375e+01 1.121730804443359375e+01 -2.172006225585937500e+01
8.642633819580078125e+01 1.833940505981445312e+01 -2.240415954589843750e+01
9.565460968017578125e+01 3.151529312133789062e+01 -2.000982093811035156e+01
9.902648162841796875e+01 4.059597015380859375e+01 -1.505012321472167969e+01
9.405741119384765625e+01 5.555237960815429688e+01 -5.472772121429443359e+00
7.844033050537109375e+01 6.160616683959960938e+01 8.893255233764648438e+00
5.022310638427734375e+01 6.712579345703125000e+01 1.111656761169433594e+01
5.022310638427734375e+01 6.712579345703125000e+01 1.111656761169433594e+01
2.768482208251953125e+01 6.908437347412109375e+01 2.052289009094238281e+00
2.431295204162597656e+01 6.783800506591796875e+01 -1.539216995239257812e+00
2.111855125427246094e+01 6.783800506591796875e+01 -1.197168946266174316e+00
1.579454708099365234e+01 6.748189544677734375e+01 -7.011989116668701172e+00
1.047054195404052734e+01 7.068684387207031250e+01 -2.069391822814941406e+01
7.276138782501220703e+00 6.534526824951171875e+01 -3.129741287231445312e+01
7.453606128692626953e+00 4.843027877807617188e+01 -3.933554458618164062e+01
7.453606128692626953e+00 4.843027877807617188e+01 -3.933554458618164062e+01
2.413548660278320312e+01 1.887356567382812500e+01 -4.378217315673828125e+01
5.430484390258789062e+01 7.122099876403808594e+00 -4.275602722167968750e+01
7.134165954589843750e+01 8.190416336059570312e+00 -3.386277389526367188e+01
8.962073516845703125e+01 2.225656318664550781e+01 -2.992922019958496094e+01
9.991381072998046875e+01 3.756907653808593750e+01 -2.514054489135742188e+01
9.707434844970703125e+01 5.038885879516601562e+01 -9.064277648925781250e+00
8.429673767089843750e+01 5.394990921020507812e+01 5.985844135284423828e+00
8.429673767089843750e+01 5.394990921020507812e+01 5.985844135284423828e+00
5.093297576904296875e+01 5.644264221191406250e+01 1.624729156494140625e+01
2.697495460510253906e+01 6.196226882934570312e+01 3.762531042098999023e+00
2.307068443298339844e+01 5.092301559448242188e+01 2.736386060714721680e+00
1.685934638977050781e+01 4.113012695312500000e+01 -1.539216995239257812e+00
9.583209037780761719e+00 3.667881393432617188e+01 -2.154903793334960938e+01
7.098671913146972656e+00 4.095207595825195312e+01 -3.454687118530273438e+01
6.921205043792724609e+00 4.077402114868164062e+01 -3.061331558227539062e+01
6.921205043792724609e+00 4.077402114868164062e+01 -3.061331558227539062e+01
5.856404781341552734e+00 5.323769760131835938e+01 -2.137801361083984375e+01
8.873340606689453125e+00 6.837216186523437500e+01 -3.215253448486328125e+01
1.508467864990234375e+01 7.745283508300781250e+01 -5.011006546020507812e+01
2.573268508911132812e+01 8.635546112060546875e+01 -5.695103073120117188e+01
3.229895782470703125e+01 9.329950714111328125e+01 -5.575386047363281250e+01
3.620322799682617188e+01 9.721666717529296875e+01 -4.275602722167968750e+01
3.762296295166015625e+01 8.831404113769531250e+01 -5.814819812774658203e+00
3.762296295166015625e+01 8.831404113769531250e+01 -5.814819812774658203e+00
4.063990020751953125e+01 4.718391418457031250e+01 1.522114658355712891e+01
4.560897064208984375e+01 2.510540008544921875e+01 1.077451896667480469e+01
4.702870559692382812e+01 1.121730804443359375e+01 -5.130720138549804688e-01
5.341751098632812500e+01 4.451313018798828125e+00 -1.522114658355712891e+01
5.306257629394531250e+01 3.026891946792602539e+00 -2.445644760131835938e+01
5.838658142089843750e+01 1.014899253845214844e+01 -5.079416275024414062e+01
6.246831512451171875e+01 3.169334411621093750e+01 -6.738349914550781250e+01
6.601765441894531250e+01 5.519627380371093750e+01 -7.661880493164062500e+01
6.601765441894531250e+01 5.519627380371093750e+01 -7.661880493164062500e+01
7.045432281494140625e+01 7.745283508300781250e+01 -7.200115203857421875e+01
7.009938812255859375e+01 9.240924835205078125e+01 -6.105560684204101562e+01
7.151912689208984375e+01 9.668251037597656250e+01 -5.045211410522460938e+01
6.921205902099609375e+01 1.011338195800781250e+02 -4.344012451171875000e+01
6.353311920166015625e+01 1.014899215698242188e+02 -3.215253448486328125e+01
6.087111663818359375e+01 9.953134918212890625e+01 -1.966777229309082031e+01
5.980631637573242188e+01 9.169703674316406250e+01 -5.643795967102050781e+00
5.980631637573242188e+01 9.169703674316406250e+01 -5.643795967102050781e+00
5.749924468994140625e+01 8.226025390625000000e+01 5.814819812774658203e+00
5.359497833251953125e+01 5.911343002319335938e+01 1.573421859741210938e+01
5.128790664672851562e+01 3.756907653808593750e+01 1.556319522857666016e+01
5.040057373046875000e+01 5.519627380371093750e+01 1.573421859741210938e+01
4.614136886596679688e+01 8.617740631103515625e+01 -1.026144981384277344e+00
4.418923568725585938e+01 1.005996627807617188e+02 -4.908391952514648438e+01
4.720617294311523438e+01 7.691867828369140625e+01 -7.354036712646484375e+01
4.880337142944335938e+01 6.214032363891601562e+01 -7.610572814941406250e+01
4.880337142944335938e+01 6.214032363891601562e+01 -7.610572814941406250e+01
5.235271072387695312e+01 4.255454635620117188e+01 -7.473754119873046875e+01
5.732178115844726562e+01 2.973476791381835938e+01 -6.960681152343750000e+01
5.803164672851562500e+01 2.439319229125976562e+01 -6.208175277709960938e+01
5.465977859497070312e+01 4.985469818115234375e+00 -3.728325653076171875e+01
5.377244186401367188e+01 6.231836795806884766e+00 -1.077451896667480469e+01
5.483724594116210938e+01 1.691498756408691406e+01 5.643795967102050781e+00
5.270764160156250000e+01 3.578855133056640625e+01 1.487909793853759766e+01
5.270764160156250000e+01 3.578855133056640625e+01 1.487909793853759766e+01
5.253017425537109375e+01 4.344480895996093750e+01 1.505012321472167969e+01
5.324004364013671875e+01 6.730384826660156250e+01 1.333988094329833984e+01
5.412737655639648438e+01 7.816504669189453125e+01 6.327891826629638672e+00
5.519217681884765625e+01 9.134093475341796875e+01 -3.249458074569702148e+00
5.856404876708984375e+01 1.029143447875976562e+02 -2.770590591430664062e+01
5.696684646606445312e+01 9.988745117187500000e+01 -5.045211410522460938e+01
6.051618194580078125e+01 8.920429992675781250e+01 -6.721247863769531250e+01
6.051618194580078125e+01 8.920429992675781250e+01 -6.721247863769531250e+01
6.087111663818359375e+01 6.641358184814453125e+01 -7.644777679443359375e+01
5.945138168334960938e+01 6.748189544677734375e+01 -7.713187408447265625e+01
4.560897064208984375e+01 7.246736907958984375e+01 -7.576367950439453125e+01
3.052429008483886719e+01 7.941141510009765625e+01 -6.806759643554687500e+01
2.023121643066406250e+01 7.015268707275390625e+01 -6.054253768920898438e+01
1.543961334228515625e+01 5.679874801635742188e+01 -5.729307937622070312e+01
1.472974491119384766e+01 5.537432861328125000e+01 -5.387259674072265625e+01
1.472974491119384766e+01 5.537432861328125000e+01 -5.387259674072265625e+01
1.135787582397460938e+01 4.985469818115234375e+01 -4.993904113769531250e+01
1.295507812500000000e+01 3.222750091552734375e+01 -3.916452026367187500e+01
1.721428108215332031e+01 2.617371749877929688e+01 -1.693138694763183594e+01
2.449041938781738281e+01 3.204944992065429688e+01 1.026144981384277344e+00
3.389616012573242188e+01 4.433507156372070312e+01 1.077451896667480469e+01
4.898083877563476562e+01 4.629365158081054688e+01 1.573421859741210938e+01
5.962884902954101562e+01 5.270354080200195312e+01 1.573421859741210938e+01
5.962884902954101562e+01 5.270354080200195312e+01 1.573421859741210938e+01
6.672752380371093750e+01 6.125006103515625000e+01 1.299783325195312500e+01
6.974445343017578125e+01 6.427695465087890625e+01 9.748374938964843750e+00
7.560086059570312500e+01 6.623552703857421875e+01 5.130722999572753906e+00
8.429673767089843750e+01 7.282347106933593750e+01 -8.551210165023803711e-01
8.358686828613281250e+01 8.777988433837890625e+01 -1.590524291992187500e+01
8.500659942626953125e+01 9.240924835205078125e+01 -2.856102752685546875e+01
7.489099121093750000e+01 9.686055755615234375e+01 -4.925494384765625000e+01
7.489099121093750000e+01 9.686055755615234375e+01 -4.925494384765625000e+01
6.371058654785156250e+01 8.991651153564453125e+01 -6.584428405761718750e+01
5.217524337768554688e+01 7.691867828369140625e+01 -7.525061035156250000e+01
3.283135986328125000e+01 6.285253143310546875e+01 -7.165910339355468750e+01
2.182841682434082031e+01 4.932054138183593750e+01 -6.516018676757812500e+01
1.437481212615966797e+01 4.540338897705078125e+01 -5.660898208618164062e+01
1.189027595520019531e+01 4.291065216064453125e+01 -4.874187088012695312e+01
6.743739128112792969e+00 4.308870315551757812e+01 -3.215253448486328125e+01
6.743739128112792969e+00 4.308870315551757812e+01 -3.215253448486328125e+01
1.082547569274902344e+01 4.896443557739257812e+01 -9.748374938964843750e+00
2.449041938781738281e+01 5.484017181396484375e+01 4.788674831390380859e+00
3.744549560546875000e+01 5.964758682250976562e+01 1.077451896667480469e+01
5.235271072387695312e+01 6.000369262695312500e+01 1.316885662078857422e+01
6.388805007934570312e+01 6.801605224609375000e+01 1.128759193420410156e+01
7.932766723632812500e+01 7.424789428710937500e+01 1.710239946842193604e-01
8.979820251464843750e+01 7.941141510009765625e+01 -1.402397823333740234e+01
9.228273773193359375e+01 8.332856750488281250e+01 -3.249458312988281250e+01
9.228273773193359375e+01 8.332856750488281250e+01 -3.249458312988281250e+01
9.015313720703125000e+01 8.368467712402343750e+01 -4.788675308227539062e+01
8.323193359375000000e+01 8.030167388916015625e+01 -6.242380142211914062e+01
6.530778503417968750e+01 7.834310150146484375e+01 -7.285626983642578125e+01
5.022310638427734375e+01 7.246736907958984375e+01 -7.644777679443359375e+01
4.312443542480468750e+01 6.997463226318359375e+01 -7.507958221435546875e+01
3.744549560546875000e+01 6.534526824951171875e+01 -7.405344390869140625e+01
3.212149429321289062e+01 6.463305664062500000e+01 -7.097500610351562500e+01
2.892708969116210938e+01 6.214032363891601562e+01 -7.131705474853515625e+01
2.892708969116210938e+01 6.214032363891601562e+01 -7.131705474853515625e+01
2.378055191040039062e+01 6.018174362182617188e+01 -6.738349914550781250e+01
2.005374908447265625e+01 5.679874801635742188e+01 -6.310789871215820312e+01
1.295507812500000000e+01 5.216938400268554688e+01 -5.524078750610351562e+01
5.324004173278808594e+00 4.985469818115234375e+01 -3.694120788574218750e+01
6.743739128112792969e+00 5.021080398559570312e+01 -2.086494255065917969e+01
1.082547569274902344e+01 5.181327819824218750e+01 -1.043247222900390625e+01
1.739174652099609375e+01 5.092301559448242188e+01 -1.368193030357360840e+00
1.739174652099609375e+01 5.092301559448242188e+01 -1.368193030357360840e+00
2.147348403930664062e+01 4.932054138183593750e+01 4.959699153900146484e+00
1.703681373596191406e+01 4.843027877807617188e+01 -2.052289009094238281e+00
8.873340606689453125e+00 5.127912139892578125e+01 -1.333988094329833984e+01
6.743739128112792969e+00 5.768901062011718750e+01 -3.010024452209472656e+01
1.384241104125976562e+01 6.944047546386718750e+01 -5.096518707275390625e+01
2.857215690612792969e+01 7.674063110351562500e+01 -6.516018676757812500e+01
2.857215690612792969e+01 7.674063110351562500e+01 -6.516018676757812500e+01
3.744549560546875000e+01 7.887725830078125000e+01 -6.892271423339843750e+01
4.134976577758789062e+01 7.958946990966796875e+01 -6.858067321777343750e+01
4.454417037963867188e+01 8.136999511718750000e+01 -7.063295745849609375e+01
4.507656860351562500e+01 8.154804229736328125e+01 -6.875169372558593750e+01
4.809350585937500000e+01 8.635546112060546875e+01 -6.789657592773437500e+01
5.465977859497070312e+01 8.795793151855468750e+01 -6.498916625976562500e+01
6.140351486206054688e+01 9.258730316162109375e+01 -6.156867980957031250e+01
6.140351486206054688e+01 9.258730316162109375e+01 -6.156867980957031250e+01
7.631072998046875000e+01 9.258730316162109375e+01 -5.438566970825195312e+01
8.891087341308593750e+01 8.671157073974609375e+01 -4.053271484375000000e+01
9.246020507812500000e+01 7.958946990966796875e+01 -2.479849624633789062e+01
8.766860198974609375e+01 7.941141510009765625e+01 -1.026144695281982422e+01
8.518406677246093750e+01 7.691867828369140625e+01 -6.156867980957031250e+00
7.755299377441406250e+01 7.460399627685546875e+01 3.591506004333496094e+00
6.814725494384765625e+01 6.944047546386718750e+01 9.919399261474609375e+00
6.814725494384765625e+01 6.944047546386718750e+01 9.919399261474609375e+00
6.069364929199218750e+01 6.623552703857421875e+01 1.094554424285888672e+01
5.128790664672851562e+01 5.893537902832031250e+01 1.453705024719238281e+01
3.389616012573242188e+01 5.074496078491210938e+01 1.145861625671386719e+01
1.934388160705566406e+01 4.611559677124023438e+01 1.539216995239257812e+00
8.873340606689453125e+00 4.629365158081054688e+01 -1.676036262512207031e+01
4.969069957733154297e+00 5.305964660644531250e+01 -3.659915924072265625e+01
1.561707878112792969e+01 6.267448043823242188e+01 -5.780615234375000000e+01
1.561707878112792969e+01 6.267448043823242188e+01 -5.780615234375000000e+01
2.768482208251953125e+01 7.157710266113281250e+01 -6.738349914550781250e+01
3.655816268920898438e+01 7.620646667480468750e+01 -7.046193695068359375e+01
3.744549560546875000e+01 7.602841949462890625e+01 -7.063295745849609375e+01
3.993003082275390625e+01 7.709673309326171875e+01 -7.029090881347656250e+01
4.312443542480468750e+01 7.958946990966796875e+01 -7.063295745849609375e+01
5.359497833251953125e+01 8.617740631103515625e+01 -6.704145050048828125e+01
6.477538299560546875e+01 8.849209594726562500e+01 -6.208175277709960938e+01
8.074739837646484375e+01 8.671157073974609375e+01 -5.455669403076171875e+01
8.074739837646484375e+01 8.671157073974609375e+01 -5.455669403076171875e+01
8.802353668212890625e+01 8.724572753906250000e+01 -4.549241256713867188e+01
8.749113464355468750e+01 8.706767272949218750e+01 -3.403379821777343750e+01
8.855593872070312500e+01 8.564324951171875000e+01 -2.308825492858886719e+01
8.536153411865234375e+01 8.457493591308593750e+01 -1.248476123809814453e+01
7.932766723632812500e+01 7.852114868164062500e+01 -5.130720138549804688e-01
6.796978759765625000e+01 7.282347106933593750e+01 8.380182266235351562e+00
5.820911407470703125e+01 6.694773864746093750e+01 1.197168922424316406e+01
5.820911407470703125e+01 6.694773864746093750e+01 1.197168922424316406e+01
4.862590408325195312e+01 5.982564163208007812e+01 1.368192863464355469e+01
3.513842773437500000e+01 5.377185440063476562e+01 1.162963962554931641e+01
2.484535408020019531e+01 4.843027877807617188e+01 7.525061130523681641e+00
