0.000000000000000000e+00 0.000000000000000000e+00 0.000000000000000000e+00
6.868000030517578125e+01 1.005999984741210938e+02 5.626699829101562500e+01
6.956700134277343750e+01 9.935299682617187500e+01 5.575400161743164062e+01
6.956700134277343750e+01 9.935299682617187500e+01 5.575400161743164062e+01
6.868000030517578125e+01 9.917500305175781250e+01 5.626699829101562500e+01
6.885700225830078125e+01 1.004219970703125000e+02 5.575400161743164062e+01
6.974400329589843750e+01 9.775099945068359375e+01 5.592499923706054688e+01
6.956700134277343750e+01 9.721700286865234375e+01 5.712200164794921875e+01
6.956700134277343750e+01 9.721700286865234375e+01 5.712200164794921875e+01
6.903500366210937500e+01 9.846299743652343750e+01 5.592499923706054688e+01
6.761499786376953125e+01 9.846299743652343750e+01 5.797700119018554688e+01
6.708200073242187500e+01 1.000660018920898438e+02 5.575400161743164062e+01
6.761499786376953125e+01 9.881900024414062500e+01 5.558300018310546875e+01
6.761499786376953125e+01 9.881900024414062500e+01 5.558300018310546875e+01
6.779199981689453125e+01 1.018460006713867188e+02 5.712200164794921875e+01
6.619499969482421875e+01 1.023799972534179688e+02 5.558300018310546875e+01
6.353300094604492188e+01 1.007779998779296875e+02 5.746400070190429688e+01
6.335599899291992188e+01 1.030920028686523438e+02 5.660900115966796875e+01
6.335599899291992188e+01 1.030920028686523438e+02 5.660900115966796875e+01
6.122600173950195312e+01 1.048730010986328125e+02 5.729299926757812500e+01
5.590200042724609375e+01 1.070100021362304688e+02 5.558300018310546875e+01
5.057799911499023438e+01 1.048730010986328125e+02 5.558300018310546875e+01
4.401200103759765625e+01 1.022020034790039062e+02 5.541199874877929688e+01
4.401200103759765625e+01 1.022020034790039062e+02 5.541199874877929688e+01
3.638100051879882812e+01 9.668299865722656250e+01 5.455699920654296875e+01
3.194400024414062500e+01 9.116300201416015625e+01 5.301699829101562500e+01
2.732999992370605469e+01 8.617700195312500000e+01 5.028099822998046875e+01
2.182799911499023438e+01 8.350700378417968750e+01 4.497900009155273438e+01
2.182799911499023438e+01 8.350700378417968750e+01 4.497900009155273438e+01
1.721400070190429688e+01 8.101399993896484375e+01 3.813800048828125000e+01
1.508500003814697266e+01 7.816500091552734375e+01 3.061300086975097656e+01
1.100300025939941406e+01 7.727500152587890625e+01 2.189100074768066406e+01
1.100300025939941406e+01 7.727500152587890625e+01 1.231400012969970703e+01
1.100300025939941406e+01 7.727500152587890625e+01 1.231400012969970703e+01
1.082499980926513672e+01 7.816500091552734375e+01 3.249000072479248047e+00
1.242300033569335938e+01 7.905500030517578125e+01 -3.763000011444091797e+00
1.685899925231933594e+01 7.923300170898437500e+01 -1.316899967193603516e+01
1.685899925231933594e+01 7.923300170898437500e+01 -1.316899967193603516e+01
2.200600051879882812e+01 8.083599853515625000e+01 -2.189100074768066406e+01
2.732999992370605469e+01 8.617700195312500000e+01 -2.873200035095214844e+01
3.602600097656250000e+01 8.955999755859375000e+01 -3.232400131225585938e+01
4.241500091552734375e+01 9.454599761962890625e+01 -3.677000045776367188e+01
4.241500091552734375e+01 9.454599761962890625e+01 -3.677000045776367188e+01
4.933599853515625000e+01 1.014899978637695312e+02 -3.830899810791015625e+01
5.661199951171875000e+01 1.048730010986328125e+02 -3.950699996948242188e+01
6.246799850463867188e+01 1.079000015258789062e+02 -3.796699905395507812e+01
7.027700042724609375e+01 1.118170013427734375e+02 -3.625699996948242188e+01
7.027700042724609375e+01 1.118170013427734375e+02 -3.625699996948242188e+01
7.631099700927734375e+01 1.139540023803710938e+02 -3.420500183105468750e+01
7.808499908447265625e+01 1.132409973144531250e+02 -3.249499893188476562e+01
8.198999786376953125e+01 1.132409973144531250e+02 -2.975799942016601562e+01
8.695899963378906250e+01 1.111050033569335938e+02 -2.702199935913085938e+01
8.695899963378906250e+01 1.111050033569335938e+02 -2.702199935913085938e+01
8.837799835205078125e+01 1.107490005493164062e+02 -2.462700080871582031e+01
9.139499664306640625e+01 1.105709991455078125e+02 -2.411400032043457031e+01
9.281500244140625000e+01 1.148440017700195312e+02 -2.206200027465820312e+01
8.979799652099609375e+01 1.189390029907226562e+02 -2.018099975585937500e+01
8.979799652099609375e+01 1.189390029907226562e+02 -2.018099975585937500e+01
8.766899871826171875e+01 1.235680007934570312e+02 -1.710199928283691406e+01
8.642600250244140625e+01 1.283760070800781250e+02 -1.248499965667724609e+01
8.518399810791015625e+01 1.317590026855468750e+02 -7.525000095367431641e+00
7.524600219726562500e+01 1.385249938964843750e+02 -1.368000030517578125e+00
7.524600219726562500e+01 1.385249938964843750e+02 -1.368000030517578125e+00
6.424299621582031250e+01 1.424420013427734375e+02 5.131000041961669922e+00
5.181999969482421875e+01 1.417299957275390625e+02 1.094600009918212891e+01
4.188199996948242188e+01 1.388809967041015625e+02 1.436600017547607422e+01
3.194400024414062500e+01 1.321150054931640625e+02 1.847100067138671875e+01
3.194400024414062500e+01 1.321150054931640625e+02 1.847100067138671875e+01
2.200600051879882812e+01 1.260609970092773438e+02 1.949699974060058594e+01
1.402000045776367188e+01 1.148440017700195312e+02 2.035199928283691406e+01
1.082499980926513672e+01 1.080780029296875000e+02 1.624699974060058594e+01
8.873000144958496094e+00 9.792900085449218750e+01 1.265600013732910156e+01
8.873000144958496094e+00 9.792900085449218750e+01 1.265600013732910156e+01
9.583000183105468750e+00 9.187500000000000000e+01 9.234999656677246094e+00
9.406000137329101562e+00 8.599900054931640625e+01 4.276000022888183594e+00
1.118000030517578125e+01 7.994599914550781250e+01 -2.565000057220458984e+00
1.756900024414062500e+01 7.139900207519531250e+01 -8.722000122070312500e+00
1.756900024414062500e+01 7.139900207519531250e+01 -8.722000122070312500e+00
2.165099906921386719e+01 6.587899780273437500e+01 -1.128800010681152344e+01
2.750699996948242188e+01 6.142800140380859375e+01 -1.214299964904785156e+01
3.265399932861328125e+01 5.662099838256835938e+01 -1.470800018310546875e+01
3.868799972534179688e+01 5.484000015258789062e+01 -1.505000019073486328e+01
3.868799972534179688e+01 5.484000015258789062e+01 -1.505000019073486328e+01
4.614099884033203125e+01 5.306000137329101562e+01 -1.676000022888183594e+01
5.075600051879882812e+01 5.234700012207031250e+01 -1.881299972534179688e+01
5.749900054931640625e+01 5.519599914550781250e+01 -2.086499977111816406e+01
6.335599899291992188e+01 5.786700057983398438e+01 -2.479800033569335938e+01
6.335599899291992188e+01 5.786700057983398438e+01 -2.479800033569335938e+01
7.009899902343750000e+01 6.249599838256835938e+01 -2.514100074768066406e+01
7.595600128173828125e+01 6.587899780273437500e+01 -2.496999931335449219e+01
8.074700164794921875e+01 6.748200225830078125e+01 -2.548299980163574219e+01
8.589399719238281250e+01 7.086499786376953125e+01 -2.428499984741210938e+01
8.589399719238281250e+01 7.086499786376953125e+01 -2.428499984741210938e+01
8.908799743652343750e+01 7.335800170898437500e+01 -2.120700073242187500e+01
9.068599700927734375e+01 7.353600311279296875e+01 -1.932600021362304688e+01
9.263800048828125000e+01 7.371399688720703125e+01 -1.778700065612792969e+01
9.263800048828125000e+01 7.371399688720703125e+01 -1.778700065612792969e+01
9.636399841308593750e+01 7.211100006103515625e+01 -1.214299964904785156e+01
9.813899993896484375e+01 7.104299926757812500e+01 -8.722000122070312500e+00
9.920400238037109375e+01 7.175499725341796875e+01 -5.644000053405761719e+00
9.973600006103515625e+01 7.157700347900390625e+01 -1.710000038146972656e+00
9.973600006103515625e+01 7.157700347900390625e+01 -1.710000038146972656e+00
1.020429992675781250e+02 7.246700286865234375e+01 5.986000061035156250e+00
9.991400146484375000e+01 6.855000305175781250e+01 7.354000091552734375e+00
9.955899810791015625e+01 6.748200225830078125e+01 1.145899963378906250e+01
9.813899993896484375e+01 6.783799743652343750e+01 1.453699970245361328e+01
9.813899993896484375e+01 6.783799743652343750e+01 1.453699970245361328e+01
9.849400329589843750e+01 6.534500122070312500e+01 1.556299972534179688e+01
9.831700134277343750e+01 6.837200164794921875e+01 1.402400016784667969e+01
9.742900085449218750e+01 6.427700042724609375e+01 1.351099967956542969e+01
9.281500244140625000e+01 6.000400161743164062e+01 1.658900070190429688e+01
9.281500244140625000e+01 6.000400161743164062e+01 1.658900070190429688e+01
8.979799652099609375e+01 5.733300018310546875e+01 2.018099975585937500e+01
8.660399627685546875e+01 5.733300018310546875e+01 2.531200027465820312e+01
8.163500213623046875e+01 5.412799835205078125e+01 2.770599937438964844e+01
7.613300323486328125e+01 5.181299972534179688e+01 2.924500083923339844e+01
7.613300323486328125e+01 5.181299972534179688e+01 2.924500083923339844e+01
7.098699951171875000e+01 5.163499832153320312e+01 3.044199943542480469e+01
6.814700317382812500e+01 4.949900054931640625e+01 3.078400039672851562e+01
6.069400024414062500e+01 4.736199951171875000e+01 3.044199943542480469e+01
5.217499923706054688e+01 4.736199951171875000e+01 2.702199935913085938e+01
5.217499923706054688e+01 4.736199951171875000e+01 2.702199935913085938e+01
4.738399887084960938e+01 4.469100189208984375e+01 2.206200027465820312e+01
4.188199996948242188e+01 4.558100128173828125e+01 1.573400020599365234e+01
3.815499877929687500e+01 4.789599990844726562e+01 1.214299964904785156e+01
3.442900085449218750e+01 4.985499954223632812e+01 7.525000095367431641e+00
3.442900085449218750e+01 4.985499954223632812e+01 7.525000095367431641e+00
3.016900062561035156e+01 5.519599914550781250e+01 -1.368000030517578125e+00
2.821699905395507812e+01 5.786700057983398438e+01 -9.748000144958496094e+00
2.378100013732910156e+01 6.801599884033203125e+01 -1.505000019073486328e+01
2.307099914550781250e+01 7.513800048828125000e+01 -1.949699974060058594e+01
2.307099914550781250e+01 7.513800048828125000e+01 -1.949699974060058594e+01
2.182799911499023438e+01 8.172599792480468750e+01 -2.069400024414062500e+01
2.129599952697753906e+01 9.223100280761718750e+01 -2.223299980163574219e+01
2.023100090026855469e+01 1.043389968872070312e+02 -2.052300071716308594e+01
2.360300064086914062e+01 1.169800033569335938e+02 -1.624699974060058594e+01
2.360300064086914062e+01 1.169800033569335938e+02 -1.624699974060058594e+01
2.839500045776367188e+01 1.249929962158203125e+02 -1.094600009918212891e+01
3.158900070190429688e+01 1.299779968261718750e+02 -4.447000026702880859e+00
3.070199966430664062e+01 1.322929992675781250e+02 4.618000030517578125e+00
2.821699905395507812e+01 1.305119934082031250e+02 1.487899971008300781e+01
2.821699905395507812e+01 1.305119934082031250e+02 1.487899971008300781e+01
2.750699996948242188e+01 1.262389984130859375e+02 2.787700080871582031e+01
2.981399917602539062e+01 1.192949981689453125e+02 3.694100189208984375e+01
3.158900070190429688e+01 1.153779983520507812e+02 4.515000152587890625e+01
3.513800048828125000e+01 1.118170013427734375e+02 4.891299819946289062e+01
3.513800048828125000e+01 1.118170013427734375e+02 4.891299819946289062e+01
4.117200088500976562e+01 1.107490005493164062e+02 5.404399871826171875e+01
5.057799911499023438e+01 1.066529998779296875e+02 5.626699829101562500e+01
5.661199951171875000e+01 1.055849990844726562e+02 5.592499923706054688e+01
6.371099853515625000e+01 1.066529998779296875e+02 5.455699920654296875e+01
6.371099853515625000e+01 1.066529998779296875e+02 5.455699920654296875e+01
7.045400238037109375e+01 1.134189987182617188e+02 5.147800064086914062e+01
7.666600036621093750e+01 1.221439971923828125e+02 4.138800048828125000e+01
8.092500305175781250e+01 1.310469970703125000e+02 3.146800041198730469e+01
8.039199829101562500e+01 1.362100067138671875e+02 1.590499973297119141e+01
8.039199829101562500e+01 1.362100067138671875e+02 1.590499973297119141e+01
7.240599822998046875e+01 1.395930023193359375e+02 5.473000049591064453e+00
6.033900070190429688e+01 1.410180053710937500e+02 0.000000000000000000e+00
5.022299957275390625e+01 1.397709960937500000e+02 -5.130000114440917969e-01
5.022299957275390625e+01 1.397709960937500000e+02 -5.130000114440917969e-01
4.507699966430664062e+01 1.381690063476562500e+02 -4.447000026702880859e+00
4.028499984741210938e+01 1.354980010986328125e+02 -4.618000030517578125e+00
3.407400131225585938e+01 1.331829986572265625e+02 -6.841000080108642578e+00
2.715200042724609375e+01 1.262389984130859375e+02 -7.012000083923339844e+00
2.715200042724609375e+01 1.262389984130859375e+02 -7.012000083923339844e+00
2.307099914550781250e+01 1.221439971923828125e+02 -6.841000080108642578e+00
1.827899932861328125e+01 1.155559997558593750e+02 -6.328000068664550781e+00
1.348700046539306641e+01 1.100360031127929688e+02 -2.736000061035156250e+00
1.224499988555908203e+01 1.066529998779296875e+02 -5.130000114440917969e-01
1.224499988555908203e+01 1.066529998779296875e+02 -5.130000114440917969e-01
1.029300022125244141e+01 1.004219970703125000e+02 4.105000019073486328e+00
8.340999603271484375e+00 9.739499664306640625e+01 6.670000076293945312e+00
7.098999977111816406e+00 9.864099884033203125e+01 1.128800010681152344e+01
8.517999649047851562e+00 9.187500000000000000e+01 1.983900070190429688e+01
8.517999649047851562e+00 9.187500000000000000e+01 1.983900070190429688e+01
1.295499992370605469e+01 8.137000274658203125e+01 3.061300086975097656e+01
2.076399993896484375e+01 7.531600189208984375e+01 4.053300094604492188e+01
3.105699920654296875e+01 7.211100006103515625e+01 4.805799865722656250e+01
3.922000122070312500e+01 7.068699645996093750e+01 5.318799972534179688e+01
3.922000122070312500e+01 7.068699645996093750e+01 5.318799972534179688e+01
4.915800094604492188e+01 7.175499725341796875e+01 5.455699920654296875e+01
5.696699905395507812e+01 7.318000030517578125e+01 5.524100112915039062e+01
6.690499877929687500e+01 7.531600189208984375e+01 5.455699920654296875e+01
7.489099884033203125e+01 7.941100311279296875e+01 5.370199966430664062e+01
7.489099884033203125e+01 7.941100311279296875e+01 5.370199966430664062e+01
7.950499725341796875e+01 8.368499755859375000e+01 5.301699829101562500e+01
8.127999877929687500e+01 8.760199737548828125e+01 5.199100112915039062e+01
8.305400085449218750e+01 9.116300201416015625e+01 5.164899826049804688e+01
8.127999877929687500e+01 9.686100006103515625e+01 5.199100112915039062e+01
8.127999877929687500e+01 9.686100006103515625e+01 5.199100112915039062e+01
8.110199737548828125e+01 1.009560012817382812e+02 5.079399871826171875e+01
7.684300231933593750e+01 1.030920028686523438e+02 5.250400161743164062e+01
7.489099884033203125e+01 1.032699966430664062e+02 5.438600158691406250e+01
7.063200378417968750e+01 1.043389968872070312e+02 5.336000061035156250e+01
7.063200378417968750e+01 1.043389968872070312e+02 5.336000061035156250e+01
6.797000122070312500e+01 1.048730010986328125e+02 5.524100112915039062e+01
6.726000213623046875e+01 1.038050003051757812e+02 5.660900115966796875e+01
6.441999816894531250e+01 1.034489974975585938e+02 5.763499832153320312e+01
6.779199981689453125e+01 1.029140014648437500e+02 5.643799972534179688e+01
6.779199981689453125e+01 1.029140014648437500e+02 5.643799972534179688e+01
6.814700317382812500e+01 1.000660018920898438e+02 5.677999877929687500e+01
7.116400146484375000e+01 9.739499664306640625e+01 5.626699829101562500e+01
7.435900115966796875e+01 9.312100219726562500e+01 5.558300018310546875e+01
7.311599731445312500e+01 8.724600219726562500e+01 5.575400161743164062e+01
7.311599731445312500e+01 8.724600219726562500e+01 5.575400161743164062e+01
7.009899902343750000e+01 7.994599914550781250e+01 5.660900115966796875e+01
6.459799957275390625e+01 7.513800048828125000e+01 5.506999969482421875e+01
5.945100021362304688e+01 7.033100128173828125e+01 5.489899826049804688e+01
5.643399810791015625e+01 6.694799804687500000e+01 5.233300018310546875e+01
5.643399810791015625e+01 6.694799804687500000e+01 5.233300018310546875e+01
5.643399810791015625e+01 6.623600006103515625e+01 5.301699829101562500e+01
5.377199935913085938e+01 6.427700042724609375e+01 5.113600158691406250e+01
5.306299972534179688e+01 6.392100143432617188e+01 4.942599868774414062e+01
4.738399887084960938e+01 6.427700042724609375e+01 5.011000061035156250e+01
4.738399887084960938e+01 6.427700042724609375e+01 5.011000061035156250e+01
4.099499893188476562e+01 6.712599945068359375e+01 4.942599868774414062e+01
3.478300094604492188e+01 6.587899780273437500e+01 4.822900009155273438e+01
3.141200065612792969e+01 7.104299926757812500e+01 4.874200057983398438e+01
2.555500030517578125e+01 7.656300354003906250e+01 4.583399963378906250e+01
2.555500030517578125e+01 7.656300354003906250e+01 4.583399963378906250e+01
1.916600036621093750e+01 8.226000213623046875e+01 4.309799957275390625e+01
1.810199928283691406e+01 8.546499633789062500e+01 4.172999954223632812e+01
1.721400070190429688e+01 9.205300140380859375e+01 4.121699905395507812e+01
1.827899932861328125e+01 9.881900024414062500e+01 3.745399856567382812e+01
1.827899932861328125e+01 9.881900024414062500e+01 3.745399856567382812e+01
1.650399971008300781e+01 1.091460037231445312e+02 3.334999847412109375e+01
1.810199928283691406e+01 1.168020019531250000e+02 2.496999931335449219e+01
2.289299964904785156e+01 1.269509963989257812e+02 1.590499973297119141e+01
2.555500030517578125e+01 1.299779968261718750e+02 8.550999641418457031e+00
2.555500030517578125e+01 1.299779968261718750e+02 8.550999641418457031e+00
3.141200065612792969e+01 1.322929992675781250e+02 -1.881000041961669922e+00
3.868799972534179688e+01 1.306909942626953125e+02 -1.641799926757812500e+01
4.667399978637695312e+01 1.237460021972656250e+02 -2.753499984741210938e+01
4.667399978637695312e+01 1.237460021972656250e+02 -2.753499984741210938e+01
5.146500015258789062e+01 1.143099975585937500e+02 -3.523099899291992188e+01
5.820899963378906250e+01 1.025579986572265625e+02 -3.830899810791015625e+01
6.530799865722656250e+01 9.258699798583984375e+01 -3.728300094604492188e+01
7.098699951171875000e+01 8.510900115966796875e+01 -3.796699905395507812e+01
7.098699951171875000e+01 8.510900115966796875e+01 -3.796699905395507812e+01
7.542299652099609375e+01 7.745300292968750000e+01 -3.437599945068359375e+01
8.021499633789062500e+01 7.549400329589843750e+01 -3.010000038146972656e+01
8.092500305175781250e+01 7.050900268554687500e+01 -2.462700080871582031e+01
8.252200317382812500e+01 6.463300323486328125e+01 -1.829999923706054688e+01
8.252200317382812500e+01 6.463300323486328125e+01 -1.829999923706054688e+01
8.553900146484375000e+01 5.840100097656250000e+01 -7.525000095367431641e+00
8.855599975585937500e+01 5.679899978637695312e+01 1.197000026702880859e+00
9.157299804687500000e+01 5.947000122070312500e+01 9.234999656677246094e+00
9.441200256347656250e+01 6.338700103759765625e+01 1.847100067138671875e+01
9.441200256347656250e+01 6.338700103759765625e+01 1.847100067138671875e+01
9.512200164794921875e+01 6.837200164794921875e+01 2.462700080871582031e+01
9.370200347900390625e+01 6.944000244140625000e+01 3.078400039672851562e+01
9.228299713134765625e+01 7.620600128173828125e+01 3.762500000000000000e+01
9.139499664306640625e+01 8.421900177001953125e+01 4.292699813842773438e+01
9.139499664306640625e+01 8.421900177001953125e+01 4.292699813842773438e+01
9.104000091552734375e+01 9.775099945068359375e+01 4.566299819946289062e+01
8.536199951171875000e+01 1.091460037231445312e+02 4.566299819946289062e+01
7.826300048828125000e+01 1.191169967651367188e+02 4.463700103759765625e+01
6.956700134277343750e+01 1.160899963378906250e+02 4.959700012207031250e+01
6.956700134277343750e+01 1.160899963378906250e+02 4.959700012207031250e+01
6.388800048828125000e+01 1.014899978637695312e+02 5.643799972534179688e+01
5.767699813842773438e+01 8.421900177001953125e+01 5.900299835205078125e+01
4.827099990844726562e+01 7.335800170898437500e+01 5.677999877929687500e+01
4.259199905395507812e+01 6.730400085449218750e+01 5.130699920654296875e+01
4.259199905395507812e+01 6.730400085449218750e+01 5.130699920654296875e+01
3.513800048828125000e+01 6.694799804687500000e+01 4.788700103759765625e+01
2.608799934387207031e+01 6.819400024414062500e+01 4.121699905395507812e+01
1.810199928283691406e+01 7.193299865722656250e+01 3.317900085449218750e+01
1.153499984741210938e+01 8.421900177001953125e+01 2.548299980163574219e+01
1.153499984741210938e+01 8.421900177001953125e+01 2.548299980163574219e+01
8.163000106811523438e+00 9.508000183105468750e+01 1.676000022888183594e+01
1.100300025939941406e+01 1.029140014648437500e+02 4.447000026702880859e+00
1.260000038146972656e+01 1.023799972534179688e+02 -6.328000068664550781e+00
1.668199920654296875e+01 9.792900085449218750e+01 -1.641799926757812500e+01
1.668199920654296875e+01 9.792900085449218750e+01 -1.641799926757812500e+01
2.023100090026855469e+01 9.187500000000000000e+01 -2.086499977111816406e+01
2.218300056457519531e+01 8.706800079345703125e+01 -2.137800025939941406e+01
2.271599960327148438e+01 8.510900115966796875e+01 -2.120700073242187500e+01
2.111899948120117188e+01 8.030200195312500000e+01 -2.137800025939941406e+01
2.111899948120117188e+01 8.030200195312500000e+01 -2.137800025939941406e+01
1.952099990844726562e+01 7.442600250244140625e+01 -1.539200019836425781e+01
1.703700065612792969e+01 6.979699707031250000e+01 -7.867000102996826172e+00
1.721400070190429688e+01 6.676999664306640625e+01 1.197000026702880859e+00
1.845700073242187500e+01 6.481099700927734375e+01 4.447000026702880859e+00
1.845700073242187500e+01 6.481099700927734375e+01 4.447000026702880859e+00
1.614900016784667969e+01 6.285300064086914062e+01 8.380000114440917969e+00
1.792399978637695312e+01 6.213999938964843750e+01 8.380000114440917969e+00
1.597200012207031250e+01 6.303099822998046875e+01 1.163000011444091797e+01
1.614900016784667969e+01 6.498899841308593750e+01 1.282699966430664062e+01
1.614900016784667969e+01 6.498899841308593750e+01 1.282699966430664062e+01
1.437500000000000000e+01 6.783799743652343750e+01 2.001000022888183594e+01
1.508500003814697266e+01 7.139900207519531250e+01 2.479800033569335938e+01
1.402000045776367188e+01 7.887699890136718750e+01 3.266600036621093750e+01
1.614900016784667969e+01 8.742400360107421875e+01 3.608599853515625000e+01
1.614900016784667969e+01 8.742400360107421875e+01 3.608599853515625000e+01
1.597200012207031250e+01 9.330000305175781250e+01 3.830899810791015625e+01
1.721400070190429688e+01 9.703900146484375000e+01 3.711199951171875000e+01
1.472999954223632812e+01 9.703900146484375000e+01 3.608599853515625000e+01
1.739200019836425781e+01 9.757299804687500000e+01 3.762500000000000000e+01
1.739200019836425781e+01 9.757299804687500000e+01 3.762500000000000000e+01
1.650399971008300781e+01 9.134100341796875000e+01 4.121699905395507812e+01
1.739200019836425781e+01 8.582099914550781250e+01 4.172999954223632812e+01
2.040900039672851562e+01 7.780899810791015625e+01 4.190100097656250000e+01
2.111899948120117188e+01 7.175499725341796875e+01 3.847999954223632812e+01
2.111899948120117188e+01 7.175499725341796875e+01 3.847999954223632812e+01
2.094099998474121094e+01 6.694799804687500000e+01 3.180999946594238281e+01
1.792399978637695312e+01 6.498899841308593750e+01 2.274600028991699219e+01
1.614900016784667969e+01 6.320899963378906250e+01 1.214299964904785156e+01
1.543999958038330078e+01 6.605699920654296875e+01 5.986000061035156250e+00
1.543999958038330078e+01 6.605699920654296875e+01 5.986000061035156250e+00
1.792399978637695312e+01 6.819400024414062500e+01 -2.907000064849853516e+00
2.111899948120117188e+01 6.783799743652343750e+01 -9.406000137329101562e+00
1.863400077819824219e+01 7.246700286865234375e+01 -1.248499965667724609e+01
1.650399971008300781e+01 7.852100372314453125e+01 -1.316899967193603516e+01
1.650399971008300781e+01 7.852100372314453125e+01 -1.316899967193603516e+01
1.437500000000000000e+01 8.599900054931640625e+01 -1.214299964904785156e+01
1.260000038146972656e+01 8.955999755859375000e+01 -8.722000122070312500e+00
1.082499980926513672e+01 9.169699859619140625e+01 -8.380000114440917969e+00
1.118000030517578125e+01 8.955999755859375000e+01 -7.696000099182128906e+00
1.118000030517578125e+01 8.955999755859375000e+01 -7.696000099182128906e+00
1.153499984741210938e+01 8.955999755859375000e+01 -7.354000091552734375e+00
1.153499984741210938e+01 9.205300140380859375e+01 -5.986000061035156250e+00
8.696000099182128906e+00 9.846299743652343750e+01 -2.565000057220458984e+00
8.696000099182128906e+00 9.846299743652343750e+01 -2.565000057220458984e+00
1.082499980926513672e+01 1.005999984741210938e+02 1.881000041961669922e+00
1.082499980926513672e+01 1.045169982910156250e+02 5.986000061035156250e+00
1.224499988555908203e+01 1.102149963378906250e+02 1.214299964904785156e+01
1.402000045776367188e+01 1.102149963378906250e+02 2.411400032043457031e+01
1.402000045776367188e+01 1.102149963378906250e+02 2.411400032043457031e+01
1.668199920654296875e+01 1.107490005493164062e+02 3.044199943542480469e+01
2.200600051879882812e+01 1.118170013427734375e+02 3.865100097656250000e+01
3.034700012207031250e+01 1.134189987182617188e+02 4.429499816894531250e+01
3.850999832153320312e+01 1.123509979248046875e+02 4.976800155639648438e+01
3.850999832153320312e+01 1.123509979248046875e+02 4.976800155639648438e+01
4.560900115966796875e+01 1.080780029296875000e+02 5.489899826049804688e+01
5.217499923706054688e+01 1.046949996948242188e+02 5.712200164794921875e+01
5.980599975585937500e+01 9.668299865722656250e+01 5.831900024414062500e+01
6.672799682617187500e+01 9.009500122070312500e+01 5.917399978637695312e+01
6.672799682617187500e+01 9.009500122070312500e+01 5.917399978637695312e+01
7.240599822998046875e+01 8.475299835205078125e+01 5.677999877929687500e+01
6.992199707031250000e+01 7.834300231933593750e+01 5.575400161743164062e+01
6.441999816894531250e+01 7.460399627685546875e+01 5.558300018310546875e+01
6.175799942016601562e+01 7.335800170898437500e+01 5.541199874877929688e+01
6.175799942016601562e+01 7.335800170898437500e+01 5.541199874877929688e+01
6.424299621582031250e+01 6.837200164794921875e+01 5.096500015258789062e+01
7.205200195312500000e+01 6.303099822998046875e+01 4.583399963378906250e+01
7.506800079345703125e+01 5.893500137329101562e+01 4.292699813842773438e+01
6.974400329589843750e+01 5.644300079345703125e+01 4.190100097656250000e+01
6.974400329589843750e+01 5.644300079345703125e+01 4.190100097656250000e+01
6.583999633789062500e+01 5.466199874877929688e+01 4.292699813842773438e+01
6.530799865722656250e+01 5.519599914550781250e+01 4.172999954223632812e+01
6.104899978637695312e+01 5.626499938964843750e+01 4.446599960327148438e+01
5.395000076293945312e+01 5.697700119018554688e+01 4.549200057983398438e+01
5.395000076293945312e+01 5.697700119018554688e+01 4.549200057983398438e+01
4.756100082397460938e+01 5.626499938964843750e+01 4.343999862670898438e+01
3.993000030517578125e+01 5.786700057983398438e+01 4.292699813842773438e+01
2.928199958801269531e+01 5.715499877929687500e+01 3.608599853515625000e+01
2.058600044250488281e+01 6.125000000000000000e+01 2.804800033569335938e+01
2.058600044250488281e+01 6.125000000000000000e+01 2.804800033569335938e+01
1.632699966430664062e+01 6.516699981689453125e+01 2.360099983215332031e+01
1.313300037384033203e+01 6.979699707031250000e+01 1.915500068664550781e+01
9.227999687194824219e+00 7.656300354003906250e+01 1.334000015258789062e+01
8.517999649047851562e+00 8.332900238037109375e+01 8.208999633789062500e+00
8.517999649047851562e+00 8.332900238037109375e+01 8.208999633789062500e+00
1.029300022125244141e+01 8.582099914550781250e+01 2.394000053405761719e+00
1.100300025939941406e+01 9.080699920654296875e+01 -7.867000102996826172e+00
1.490699958801269531e+01 9.579199981689453125e+01 -1.470800018310546875e+01
2.165099906921386719e+01 9.828500366210937500e+01 -2.223299980163574219e+01
2.165099906921386719e+01 9.828500366210937500e+01 -2.223299980163574219e+01
2.662000083923339844e+01 1.036269989013671875e+02 -2.565399932861328125e+01
3.371900177001953125e+01 1.100360031127929688e+02 -2.873200035095214844e+01
4.134999847412109375e+01 1.187610015869140625e+02 -2.787700080871582031e+01
4.046200180053710938e+01 1.246370010375976562e+02 -2.428499984741210938e+01
4.046200180053710938e+01 1.246370010375976562e+02 -2.428499984741210938e+01
4.401200103759765625e+01 1.281979980468750000e+02 -2.154899978637695312e+01
5.040100097656250000e+01 1.314029998779296875e+02 -2.018099975585937500e+01
5.678900146484375000e+01 1.356759948730468750e+02 -1.641799926757812500e+01
6.353300094604492188e+01 1.363880004882812500e+02 -1.060299968719482422e+01
6.353300094604492188e+01 1.363880004882812500e+02 -1.060299968719482422e+01
7.666600036621093750e+01 1.335390014648437500e+02 -1.060299968719482422e+01
8.766899871826171875e+01 1.303339996337890625e+02 -6.841000080108642578e+00
9.387999725341796875e+01 1.208980026245117188e+02 -9.064000129699707031e+00
9.973600006103515625e+01 1.150220031738281250e+02 -9.234999656677246094e+00
9.973600006103515625e+01 1.150220031738281250e+02 -9.234999656677246094e+00
1.013339996337890625e+02 1.098580017089843750e+02 -9.748000144958496094e+00
1.025759963989257812e+02 1.054069976806640625e+02 -8.208999633789062500e+00
1.038180007934570312e+02 9.953099822998046875e+01 -6.670000076293945312e+00
1.050599975585937500e+02 9.650399780273437500e+01 -7.183000087738037109e+00
1.050599975585937500e+02 9.650399780273437500e+01 -7.183000087738037109e+00
1.045279998779296875e+02 9.062899780273437500e+01 -8.038000106811523438e+00
1.020429992675781250e+02 8.564299774169921875e+01 -8.038000106811523438e+00
1.022210006713867188e+02 8.226000213623046875e+01 -8.208999633789062500e+00
1.011559982299804688e+02 7.691899871826171875e+01 -8.892999649047851562e+00
1.011559982299804688e+02 7.691899871826171875e+01 -8.892999649047851562e+00
9.707399749755859375e+01 6.926200103759765625e+01 -9.406000137329101562e+00
8.820099639892578125e+01 6.071599960327148438e+01 -8.380000114440917969e+00
7.719799804687500000e+01 5.252500152587890625e+01 -5.986000061035156250e+00
6.441999816894531250e+01 4.754000091552734375e+01 -6.670000076293945312e+00
6.441999816894531250e+01 4.754000091552734375e+01 -6.670000076293945312e+00
4.986800003051757812e+01 4.647200012207031250e+01 -1.881000041961669922e+00
3.620299911499023438e+01 4.949900054931640625e+01 -1.026000022888183594e+00
2.626499938964843750e+01 5.662099838256835938e+01 -3.420000076293945312e-01
2.058600044250488281e+01 6.338700103759765625e+01 -3.078000068664550781e+00
2.058600044250488281e+01 6.338700103759765625e+01 -3.078000068664550781e+00
1.526200008392333984e+01 7.406999969482421875e+01 -5.473000049591064453e+00
1.260000038146972656e+01 8.528700256347656250e+01 -9.064000129699707031e+00
1.774699974060058594e+01 9.864099884033203125e+01 -1.368200016021728516e+01
1.916600036621093750e+01 1.068310012817382812e+02 -1.847100067138671875e+01
1.916600036621093750e+01 1.068310012817382812e+02 -1.847100067138671875e+01
2.129599952697753906e+01 1.157340011596679688e+02 -1.607600021362304688e+01
2.715200042724609375e+01 1.248150024414062500e+02 -1.248499965667724609e+01
3.762300109863281250e+01 1.342519989013671875e+02 -5.815000057220458984e+00
4.596400070190429688e+01 1.387030029296875000e+02 2.223000049591064453e+00
4.596400070190429688e+01 1.387030029296875000e+02 2.223000049591064453e+00
5.252999877929687500e+01 1.420859985351562500e+02 1.026099967956542969e+01
5.590200042724609375e+01 1.387030029296875000e+02 2.240399932861328125e+01
6.016099929809570312e+01 1.319369964599609375e+02 3.540200042724609375e+01
6.335599899291992188e+01 1.216100006103515625e+02 4.668999862670898438e+01
6.335599899291992188e+01 1.216100006103515625e+02 4.668999862670898438e+01
6.441999816894531250e+01 1.109270019531250000e+02 5.284600067138671875e+01
6.850199890136718750e+01 9.899700164794921875e+01 5.609600067138671875e+01
7.134200286865234375e+01 9.686100006103515625e+01 5.575400161743164062e+01
7.134200286865234375e+01 9.686100006103515625e+01 5.575400161743164062e+01
6.317800140380859375e+01 9.935299682617187500e+01 5.643799972534179688e+01
4.028499984741210938e+01 1.055849990844726562e+02 5.421500015258789062e+01
1.952099990844726562e+01 1.114609985351562500e+02 3.112599945068359375e+01
1.721400070190429688e+01 1.187610015869140625e+02 7.012000083923339844e+00
1.721400070190429688e+01 1.187610015869140625e+02 7.012000083923339844e+00
2.786199951171875000e+01 1.269509963989257812e+02 -6.670000076293945312e+00
4.152700042724609375e+01 1.338950042724609375e+02 -8.208999633789062500e+00
4.560900115966796875e+01 1.383470001220703125e+02 -2.907000064849853516e+00
3.975299835205078125e+01 1.363880004882812500e+02 6.841000080108642578e+00
3.975299835205078125e+01 1.363880004882812500e+02 6.841000080108642578e+00
3.016900062561035156e+01 1.324709930419921875e+02 1.470800018310546875e+01
2.218300056457519531e+01 1.237460021972656250e+02 1.966799926757812500e+01
1.508500003814697266e+01 1.119950027465820312e+02 2.171999931335449219e+01
1.260000038146972656e+01 9.775099945068359375e+01 2.821899986267089844e+01
1.260000038146972656e+01 9.775099945068359375e+01 2.821899986267089844e+01
1.703700065612792969e+01 7.905500030517578125e+01 4.002000045776367188e+01
3.283100128173828125e+01 6.855000305175781250e+01 4.737400054931640625e+01
5.075600051879882812e+01 6.481099700927734375e+01 5.199100112915039062e+01
7.134200286865234375e+01 6.944000244140625000e+01 5.164899826049804688e+01
7.134200286865234375e+01 6.944000244140625000e+01 5.164899826049804688e+01
8.589399719238281250e+01 7.584999847412109375e+01 4.686100006103515625e+01
9.530000305175781250e+01 8.564299774169921875e+01 3.984899902343750000e+01
9.778399658203125000e+01 1.034489974975585938e+02 3.437599945068359375e+01
8.802400207519531250e+01 1.178710021972656250e+02 3.625699996948242188e+01
8.802400207519531250e+01 1.178710021972656250e+02 3.625699996948242188e+01
7.347100067138671875e+01 1.239250030517578125e+02 4.172999954223632812e+01
5.359500122070312500e+01 1.253489990234375000e+02 4.378200149536132812e+01
2.945899963378906250e+01 1.210759963989257812e+02 4.002000045776367188e+01
1.703700065612792969e+01 1.175149993896484375e+02 2.189100074768066406e+01
1.703700065612792969e+01 1.175149993896484375e+02 2.189100074768066406e+01
1.774699974060058594e+01 1.200070037841796875e+02 7.525000095367431641e+00
2.786199951171875000e+01 1.312250061035156250e+02 3.249000072479248047e+00
3.922000122070312500e+01 1.362100067138671875e+02 6.328000068664550781e+00
4.614099884033203125e+01 1.388809967041015625e+02 1.094600009918212891e+01
4.614099884033203125e+01 1.388809967041015625e+02 1.094600009918212891e+01
4.152700042724609375e+01 1.378130035400390625e+02 1.505000019073486328e+01
3.407400131225585938e+01 1.342519989013671875e+02 1.505000019073486328e+01
2.857200050354003906e+01 1.294440002441406250e+02 1.180099964141845703e+01
2.236100006103515625e+01 1.242809982299804688e+02 4.447000026702880859e+00
2.236100006103515625e+01 1.242809982299804688e+02 4.447000026702880859e+00
1.384200000762939453e+01 1.153779983520507812e+02 1.026000022888183594e+00
9.760999679565429688e+00 9.846299743652343750e+01 9.406000137329101562e+00
1.047099971771240234e+01 8.208200073242187500e+01 2.856100082397460938e+01
2.679700088500976562e+01 7.175499725341796875e+01 4.737400054931640625e+01
2.679700088500976562e+01 7.175499725341796875e+01 4.737400054931640625e+01
5.377199935913085938e+01 6.961900329589843750e+01 5.455699920654296875e+01
7.595600128173828125e+01 7.763099670410156250e+01 5.130699920654296875e+01
9.033100128173828125e+01 8.955999755859375000e+01 4.600500106811523438e+01
9.583200073242187500e+01 1.011340026855468750e+02 4.104600143432617188e+01
9.583200073242187500e+01 1.011340026855468750e+02 4.104600143432617188e+01
9.316999816894531250e+01 1.087900009155273438e+02 3.813800048828125000e+01
8.358699798583984375e+01 1.155559997558593750e+02 4.258499908447265625e+01
6.637300109863281250e+01 1.207200012207031250e+02 4.720299911499023438e+01
4.702899932861328125e+01 1.208980026245117188e+02 4.771599960327148438e+01
4.702899932861328125e+01 1.208980026245117188e+02 4.771599960327148438e+01
2.928199958801269531e+01 1.169800033569335938e+02 4.155899810791015625e+01
1.668199920654296875e+01 1.185830001831054688e+02 2.668000030517578125e+01
1.952099990844726562e+01 1.225000000000000000e+02 8.892999649047851562e+00
2.892700004577636719e+01 1.298000030517578125e+02 -2.565000057220458984e+00
2.892700004577636719e+01 1.298000030517578125e+02 -2.565000057220458984e+00
4.312400054931640625e+01 1.362100067138671875e+02 -7.696000099182128906e+00
5.146500015258789062e+01 1.378130035400390625e+02 -5.473000049591064453e+00
4.702899932861328125e+01 1.394149932861328125e+02 8.550000190734863281e-01
3.726800155639648438e+01 1.356759948730468750e+02 3.763000011444091797e+00
3.726800155639648438e+01 1.356759948730468750e+02 3.763000011444091797e+00
2.768499946594238281e+01 1.289100036621093750e+02 6.157000064849853516e+00
1.703700065612792969e+01 1.185830001831054688e+02 9.576999664306640625e+00
1.082499980926513672e+01 1.066529998779296875e+02 1.727300071716308594e+01
1.082499980926513672e+01 9.027300262451171875e+01 3.027099990844726562e+01
1.082499980926513672e+01 9.027300262451171875e+01 3.027099990844726562e+01
1.969899940490722656e+01 7.318000030517578125e+01 4.190100097656250000e+01
3.868799972534179688e+01 6.552300262451171875e+01 5.062300109863281250e+01
5.767699813842773438e+01 6.855000305175781250e+01 5.250400161743164062e+01
7.471399688720703125e+01 7.674099731445312500e+01 5.181999969482421875e+01
7.471399688720703125e+01 7.674099731445312500e+01 5.181999969482421875e+01
8.624900054931640625e+01 8.795800018310546875e+01 4.891299819946289062e+01
9.175000000000000000e+01 1.020240020751953125e+02 4.224300003051757812e+01
9.104000091552734375e+01 1.137760009765625000e+02 3.711199951171875000e+01
8.411900329589843750e+01 1.235680007934570312e+02 3.488899993896484375e+01
8.411900329589843750e+01 1.235680007934570312e+02 3.488899993896484375e+01
6.938999938964843750e+01 1.312250061035156250e+02 3.574399948120117188e+01
5.093299865722656250e+01 1.280200042724609375e+02 4.053300094604492188e+01
3.212099838256835938e+01 1.176930007934570312e+02 4.326900100708007812e+01
2.289299964904785156e+01 1.055849990844726562e+02 4.155899810791015625e+01
2.289299964904785156e+01 1.055849990844726562e+02 4.155899810791015625e+01
2.023100090026855469e+01 9.899700164794921875e+01 4.583399963378906250e+01
2.520000076293945312e+01 9.650399780273437500e+01 4.788700103759765625e+01
2.804000091552734375e+01 1.014899978637695312e+02 4.959700012207031250e+01
2.147299957275390625e+01 1.013119964599609375e+02 4.463700103759765625e+01
2.147299957275390625e+01 1.013119964599609375e+02 4.463700103759765625e+01
1.348700046539306641e+01 1.029140014648437500e+02 3.283700180053710938e+01
1.118000030517578125e+01 1.070100021362304688e+02 2.171999931335449219e+01
1.189000034332275391e+01 1.070100021362304688e+02 1.043200016021728516e+01
1.189000034332275391e+01 1.070100021362304688e+02 1.043200016021728516e+01
1.224499988555908203e+01 1.098580017089843750e+02 2.907000064849853516e+00
1.472999954223632812e+01 1.095019989013671875e+02 -5.644000053405761719e+00
1.490699958801269531e+01 1.107490005493164062e+02 -6.499000072479248047e+00
1.295499992370605469e+01 1.070100021362304688e+02 -5.130000114440917969e-01
1.295499992370605469e+01 1.070100021362304688e+02 -5.130000114440917969e-01
8.873000144958496094e+00 9.970899963378906250e+01 1.299800014495849609e+01
1.384200000762939453e+01 8.724600219726562500e+01 3.420500183105468750e+01
3.141200065612792969e+01 7.531600189208984375e+01 5.079399871826171875e+01
5.146500015258789062e+01 7.264499664306640625e+01 5.677999877929687500e+01
5.146500015258789062e+01 7.264499664306640625e+01 5.677999877929687500e+01
6.335599899291992188e+01 7.424800109863281250e+01 5.695100021362304688e+01
7.702100372314453125e+01 7.656300354003906250e+01 5.336000061035156250e+01
9.175000000000000000e+01 8.101399993896484375e+01 4.429499816894531250e+01
1.015110015869140625e+02 8.831400299072265625e+01 3.044199943542480469e+01
1.015110015869140625e+02 8.831400299072265625e+01 3.044199943542480469e+01
1.059479980468750000e+02 9.454599761962890625e+01 1.385299968719482422e+01
1.055930023193359375e+02 1.020240020751953125e+02 -2.907000064849853516e+00
9.955899810791015625e+01 1.059410018920898438e+02 -1.522099971771240234e+01
9.405699920654296875e+01 1.075439987182617188e+02 -2.223299980163574219e+01
9.405699920654296875e+01 1.075439987182617188e+02 -2.223299980163574219e+01
8.855599975585937500e+01 1.091460037231445312e+02 -2.685099983215332031e+01
8.181199645996093750e+01 1.098580017089843750e+02 -3.095499992370605469e+01
7.418099975585937500e+01 1.150220031738281250e+02 -3.249499893188476562e+01
6.619499969482421875e+01 1.169800033569335938e+02 -3.334999847412109375e+01
6.619499969482421875e+01 1.169800033569335938e+02 -3.334999847412109375e+01
5.714400100708007812e+01 1.207200012207031250e+02 -3.317900085449218750e+01
4.773899841308593750e+01 1.212539978027343750e+02 -2.787700080871582031e+01
4.046200180053710938e+01 1.214319992065429688e+02 -2.599600028991699219e+01
3.442900085449218750e+01 1.207200012207031250e+02 -2.291699981689453125e+01
3.442900085449218750e+01 1.207200012207031250e+02 -2.291699981689453125e+01
2.626499938964843750e+01 1.132409973144531250e+02 -2.018099975585937500e+01
2.023100090026855469e+01 1.096800003051757812e+02 -1.470800018310546875e+01
1.260000038146972656e+01 1.052289962768554688e+02 -3.934000015258789062e+00
9.760999679565429688e+00 1.030920028686523438e+02 1.009000015258789062e+01
9.760999679565429688e+00 1.030920028686523438e+02 1.009000015258789062e+01
1.011600017547607422e+01 9.775099945068359375e+01 2.343000030517578125e+01
1.455200004577636719e+01 9.508000183105468750e+01 3.317900085449218750e+01
1.703700065612792969e+01 9.508000183105468750e+01 3.830899810791015625e+01
1.756900024414062500e+01 9.525800323486328125e+01 4.053300094604492188e+01
1.756900024414062500e+01 9.525800323486328125e+01 4.053300094604492188e+01
1.934399986267089844e+01 9.525800323486328125e+01 4.190100097656250000e+01
2.094099998474121094e+01 9.543599700927734375e+01 4.241400146484375000e+01
2.040900039672851562e+01 9.383399963378906250e+01 4.395299911499023438e+01
2.200600051879882812e+01 9.401200103759765625e+01 4.480799865722656250e+01
2.200600051879882812e+01 9.401200103759765625e+01 4.480799865722656250e+01
2.182799911499023438e+01 9.205300140380859375e+01 4.566299819946289062e+01
1.934399986267089844e+01 9.134100341796875000e+01 4.258499908447265625e+01
1.490699958801269531e+01 8.973799896240234375e+01 3.557300186157226562e+01
1.064799976348876953e+01 8.795800018310546875e+01 2.462700080871582031e+01
1.064799976348876953e+01 8.795800018310546875e+01 2.462700080871582031e+01
5.855999946594238281e+00 9.062899780273437500e+01 1.145899963378906250e+01
7.986000061035156250e+00 9.134100341796875000e+01 -8.550000190734863281e-01
1.295499992370605469e+01 9.490200042724609375e+01 -9.064000129699707031e+00
1.792399978637695312e+01 9.988700103759765625e+01 -1.693099975585937500e+01
1.792399978637695312e+01 9.988700103759765625e+01 -1.693099975585937500e+01
1.916600036621093750e+01 1.036269989013671875e+02 -1.778700065612792969e+01
2.448999977111816406e+01 1.093239974975585938e+02 -2.325900077819824219e+01
3.212099838256835938e+01 1.159120025634765625e+02 -2.514100074768066406e+01
4.489899826049804688e+01 1.205419998168945312e+02 -2.821899986267089844e+01
4.489899826049804688e+01 1.205419998168945312e+02 -2.821899986267089844e+01
5.927399826049804688e+01 1.253489990234375000e+02 -2.907399940490722656e+01
6.956700134277343750e+01 1.239250030517578125e+02 -2.702199935913085938e+01
7.648799896240234375e+01 1.230339965820312500e+02 -2.650900077819824219e+01
7.968299865722656250e+01 1.208980026245117188e+02 -2.719300079345703125e+01
7.968299865722656250e+01 1.208980026245117188e+02 -2.719300079345703125e+01
7.932800292968750000e+01 1.184049987792968750e+02 -2.958699989318847656e+01
7.790799713134765625e+01 1.219660034179687500e+02 -2.719300079345703125e+01
7.240599822998046875e+01 1.267730026245117188e+02 -2.428499984741210938e+01
6.104899978637695312e+01 1.331829986572265625e+02 -2.052300071716308594e+01
6.104899978637695312e+01 1.331829986572265625e+02 -2.052300071716308594e+01
5.146500015258789062e+01 1.385249938964843750e+02 -1.128800010681152344e+01
3.797800064086914062e+01 1.353200073242187500e+02 1.026000022888183594e+00
2.555500030517578125e+01 1.285540008544921875e+02 7.183000087738037109e+00
1.366499996185302734e+01 1.166240005493164062e+02 8.038000106811523438e+00
1.366499996185302734e+01 1.166240005493164062e+02 8.038000106811523438e+00
1.206799983978271484e+01 1.046949996948242188e+02 6.157000064849853516e+00
8.873000144958496094e+00 9.508000183105468750e+01 1.368000030517578125e+00
1.029300022125244141e+01 8.902600097656250000e+01 -6.499000072479248047e+00
1.384200000762939453e+01 8.760199737548828125e+01 -1.402400016784667969e+01
1.384200000762939453e+01 8.760199737548828125e+01 -1.402400016784667969e+01
2.395800018310546875e+01 8.991699981689453125e+01 -2.411400032043457031e+01
3.638100051879882812e+01 9.917500305175781250e+01 -3.506000137329101562e+01
5.235300064086914062e+01 1.070100021362304688e+02 -3.916500091552734375e+01
6.708200073242187500e+01 1.135970001220703125e+02 -3.659899902343750000e+01
6.708200073242187500e+01 1.135970001220703125e+02 -3.659899902343750000e+01
7.293900299072265625e+01 1.201849975585937500e+02 -2.992900085449218750e+01
7.169699859619140625e+01 1.281979980468750000e+02 -2.633799934387207031e+01
7.187400054931640625e+01 1.301560058593750000e+02 -2.069400024414062500e+01
7.595600128173828125e+01 1.314029998779296875e+02 -1.710199928283691406e+01
7.595600128173828125e+01 1.314029998779296875e+02 -1.710199928283691406e+01
8.163500213623046875e+01 1.285540008544921875e+02 -1.539200019836425781e+01
8.447399902343750000e+01 1.267730026245117188e+02 -1.573400020599365234e+01
8.749099731445312500e+01 1.233899993896484375e+02 -1.829999923706054688e+01
8.518399810791015625e+01 1.235680007934570312e+02 -2.120700073242187500e+01
8.518399810791015625e+01 1.235680007934570312e+02 -2.120700073242187500e+01
8.021499633789062500e+01 1.289100036621093750e+02 -2.018099975585937500e+01
6.938999938964843750e+01 1.358540039062500000e+02 -1.248499965667724609e+01
5.483700180053710938e+01 1.411959991455078125e+02 -3.592000007629394531e+00
5.483700180053710938e+01 1.411959991455078125e+02 -3.592000007629394531e+00
3.975299835205078125e+01 1.371000061035156250e+02 3.763000011444091797e+00
2.484499931335449219e+01 1.292660064697265625e+02 7.867000102996826172e+00
1.650399971008300781e+01 1.155559997558593750e+02 8.380000114440917969e+00
1.029300022125244141e+01 1.025579986572265625e+02 8.550999641418457031e+00
1.029300022125244141e+01 1.025579986572265625e+02 8.550999641418457031e+00
9.406000137329101562e+00 8.849199676513671875e+01 4.960000038146972656e+00
1.348700046539306641e+01 7.513800048828125000e+01 -1.710000038146972656e+00
2.200600051879882812e+01 6.089400100708007812e+01 -6.157000064849853516e+00
3.638100051879882812e+01 5.359400177001953125e+01 -9.064000129699707031e+00
3.638100051879882812e+01 5.359400177001953125e+01 -9.064000129699707031e+00
4.489899826049804688e+01 4.932099914550781250e+01 -9.748000144958496094e+00
5.643399810791015625e+01 4.914199829101562500e+01 -9.576999664306640625e+00
6.087099838256835938e+01 4.896400070190429688e+01 -1.043200016021728516e+01
5.962900161743164062e+01 4.914199829101562500e+01 -1.094600009918212891e+01
5.962900161743164062e+01 4.914199829101562500e+01 -1.094600009918212891e+01
6.300099945068359375e+01 4.860800170898437500e+01 -1.043200016021728516e+01
7.258399963378906250e+01 4.682799911499023438e+01 5.130000114440917969e-01
8.145700073242187500e+01 5.074499893188476562e+01 1.145899963378906250e+01
8.997599792480468750e+01 5.893500137329101562e+01 2.548299980163574219e+01
8.997599792480468750e+01 5.893500137329101562e+01 2.548299980163574219e+01
9.458999633789062500e+01 6.997499847412109375e+01 3.198200035095214844e+01
9.370200347900390625e+01 8.297200012207031250e+01 3.899300003051757812e+01
9.068599700927734375e+01 9.169699859619140625e+01 4.497900009155273438e+01
8.074700164794921875e+01 1.020240020751953125e+02 5.011000061035156250e+01
8.074700164794921875e+01 1.020240020751953125e+02 5.011000061035156250e+01
7.276100158691406250e+01 1.100360031127929688e+02 5.301699829101562500e+01
6.335599899291992188e+01 1.159120025634765625e+02 5.216199874877929688e+01
5.643399810791015625e+01 1.207200012207031250e+02 4.959700012207031250e+01
5.235300064086914062e+01 1.219660034179687500e+02 4.737400054931640625e+01
5.235300064086914062e+01 1.219660034179687500e+02 4.737400054931640625e+01
5.536999893188476562e+01 1.214319992065429688e+02 4.891299819946289062e+01
6.726000213623046875e+01 1.166240005493164062e+02 5.079399871826171875e+01
8.056999969482421875e+01 1.054069976806640625e+02 4.925500106811523438e+01
9.157299804687500000e+01 9.401200103759765625e+01 4.378200149536132812e+01
9.157299804687500000e+01 9.401200103759765625e+01 4.378200149536132812e+01
9.707399749755859375e+01 7.958899688720703125e+01 3.471799850463867188e+01
9.530000305175781250e+01 6.712599945068359375e+01 2.274600028991699219e+01
8.997599792480468750e+01 5.857899856567382812e+01 8.038000106811523438e+00
7.932800292968750000e+01 5.359400177001953125e+01 -3.934000015258789062e+00
7.932800292968750000e+01 5.359400177001953125e+01 -3.934000015258789062e+00
6.814700317382812500e+01 5.270399856567382812e+01 -1.470800018310546875e+01
5.590200042724609375e+01 6.000400161743164062e+01 -2.514100074768066406e+01
4.596400070190429688e+01 6.997499847412109375e+01 -3.061300086975097656e+01
3.602600097656250000e+01 7.958899688720703125e+01 -3.095499992370605469e+01
3.602600097656250000e+01 7.958899688720703125e+01 -3.095499992370605469e+01
2.732999992370605469e+01 8.617700195312500000e+01 -2.668000030517578125e+01
2.005400085449218750e+01 9.561399841308593750e+01 -2.001000022888183594e+01
1.614900016784667969e+01 9.881900024414062500e+01 -1.522099971771240234e+01
1.331000041961669922e+01 9.668299865722656250e+01 -1.009000015258789062e+01
1.331000041961669922e+01 9.668299865722656250e+01 -1.009000015258789062e+01
1.118000030517578125e+01 9.703900146484375000e+01 -4.276000022888183594e+00
1.029300022125244141e+01 1.014899978637695312e+02 7.183000087738037109e+00
1.029300022125244141e+01 1.029140014648437500e+02 2.120700073242187500e+01
1.614900016784667969e+01 1.027360000610351562e+02 3.711199951171875000e+01
1.614900016784667969e+01 1.027360000610351562e+02 3.711199951171875000e+01
2.360300064086914062e+01 1.023799972534179688e+02 4.395299911499023438e+01
3.247600173950195312e+01 1.041610031127929688e+02 4.908399963378906250e+01
3.886500167846679688e+01 1.009560012817382812e+02 5.421500015258789062e+01
4.844800186157226562e+01 1.027360000610351562e+02 5.831900024414062500e+01
4.844800186157226562e+01 1.027360000610351562e+02 5.831900024414062500e+01
5.572499847412109375e+01 1.018460006713867188e+02 5.643799972534179688e+01
6.388800048828125000e+01 1.011340026855468750e+02 5.883200073242187500e+01
7.205200195312500000e+01 1.000660018920898438e+02 5.575400161743164062e+01
7.773000335693359375e+01 1.011340026855468750e+02 5.336000061035156250e+01
7.773000335693359375e+01 1.011340026855468750e+02 5.336000061035156250e+01
8.376399993896484375e+01 9.686100006103515625e+01 5.096500015258789062e+01
9.458999633789062500e+01 9.312100219726562500e+01 4.019100189208984375e+01
1.027529983520507812e+02 9.169699859619140625e+01 2.821899986267089844e+01
1.071900024414062500e+02 9.187500000000000000e+01 1.265600013732910156e+01
1.071900024414062500e+02 9.187500000000000000e+01 1.265600013732910156e+01
1.068349990844726562e+02 9.579199981689453125e+01 -6.840000152587890625e-01
1.031080017089843750e+02 9.312100219726562500e+01 -8.380000114440917969e+00
1.009789962768554688e+02 9.134100341796875000e+01 -1.658900070190429688e+01
9.725199890136718750e+01 9.045099639892578125e+01 -2.257500076293945312e+01
9.725199890136718750e+01 9.045099639892578125e+01 -2.257500076293945312e+01
9.458999633789062500e+01 9.098500061035156250e+01 -2.206200027465820312e+01
1.000910034179687500e+02 8.653399658203125000e+01 -1.573400020599365234e+01
1.039960021972656250e+02 7.834300231933593750e+01 2.394000053405761719e+00
1.039960021972656250e+02 7.834300231933593750e+01 2.394000053405761719e+00
9.867199707031250000e+01 7.228900146484375000e+01 2.428499984741210938e+01
8.713600158691406250e+01 6.855000305175781250e+01 3.950699996948242188e+01
7.773000335693359375e+01 6.659200286865234375e+01 4.617699813842773438e+01
7.063200378417968750e+01 6.516699981689453125e+01 4.857099914550781250e+01
7.063200378417968750e+01 6.516699981689453125e+01 4.857099914550781250e+01
