7.205152130126953125e+01 8.724572753906250000e+01 2.633771324157714844e+01
7.151912689208984375e+01 8.813598632812500000e+01 2.548259353637695312e+01
7.205152130126953125e+01 8.617740631103515625e+01 2.428542327880859375e+01
7.205152130126953125e+01 8.617740631103515625e+01 2.428542327880859375e+01
7.134165954589843750e+01 8.617740631103515625e+01 2.428542327880859375e+01
7.151912689208984375e+01 8.742377471923828125e+01 2.548259353637695312e+01
7.134165954589843750e+01 8.831404113769531250e+01 2.496952056884765625e+01
7.151912689208984375e+01 8.813598632812500000e+01 2.514054489135742188e+01
7.187406158447265625e+01 8.671157073974609375e+01 2.650873756408691406e+01
7.293885803222656250e+01 8.777988433837890625e+01 2.445644760131835938e+01
7.311632537841796875e+01 8.831404113769531250e+01 2.565361785888671875e+01
7.311632537841796875e+01 8.831404113769531250e+01 2.565361785888671875e+01
7.364872741699218750e+01 8.635546112060546875e+01 2.377235221862792969e+01
7.276139068603515625e+01 9.080677795410156250e+01 2.565361785888671875e+01
7.258392333984375000e+01 9.098482513427734375e+01 2.377235221862792969e+01
7.418112945556640625e+01 9.899719238281250000e+01 2.086494255065917969e+01
7.240645599365234375e+01 1.050509719848632812e+02 1.812855529785156250e+01
7.187406158447265625e+01 1.148438644409179688e+02 9.748374938964843750e+00
6.921205902099609375e+01 1.235684356689453125e+02 3.420479893684387207e-01
6.921205902099609375e+01 1.235684356689453125e+02 3.420479893684387207e-01
6.867965698242187500e+01 1.283758544921875000e+02 -7.696084976196289062e+00
6.956698608398437500e+01 1.328271636962890625e+02 -2.189108657836914062e+01
6.938952636718750000e+01 1.322930145263671875e+02 -3.574404144287109375e+01
6.796978759765625000e+01 1.287319641113281250e+02 -4.258500289916992188e+01
6.335565185546875000e+01 1.276636428833007812e+02 -4.976801681518554688e+01
6.335565185546875000e+01 1.194732284545898438e+02 -5.866127014160156250e+01
6.832472229003906250e+01 1.087900772094726562e+02 -6.447608947753906250e+01
7.240645599365234375e+01 1.029143447875976562e+02 -6.430506896972656250e+01
7.240645599365234375e+01 1.029143447875976562e+02 -6.430506896972656250e+01
7.489099121093750000e+01 9.828498077392578125e+01 -6.567326354980468750e+01
7.293885803222656250e+01 8.243830871582031250e+01 -6.550223541259765625e+01
6.796978759765625000e+01 6.712579345703125000e+01 -6.276585006713867188e+01
6.725991821289062500e+01 5.288159179687500000e+01 -5.524078750610351562e+01
6.601765441894531250e+01 4.166428375244140625e+01 -4.275602722167968750e+01
6.442044830322265625e+01 3.436413192749023438e+01 -2.445644760131835938e+01
6.175844955444335938e+01 3.133724021911621094e+01 -7.183012962341308594e+00
6.175844955444335938e+01 3.133724021911621094e+01 -7.183012962341308594e+00
6.246831512451171875e+01 3.881544494628906250e+01 8.209157943725585938e+00
6.601765441894531250e+01 5.092301559448242188e+01 1.983879661560058594e+01
6.814725494384765625e+01 6.053784942626953125e+01 2.291723060607910156e+01
7.009938812255859375e+01 6.712579345703125000e+01 2.548259353637695312e+01
7.293885803222656250e+01 7.816504669189453125e+01 2.479849624633789062e+01
7.453605651855468750e+01 8.404077911376953125e+01 2.428542327880859375e+01
7.506845855712890625e+01 8.813598632812500000e+01 2.377235221862792969e+01
7.506845855712890625e+01 8.813598632812500000e+01 2.377235221862792969e+01
7.524592590332031250e+01 9.721666717529296875e+01 2.018084526062011719e+01
7.524592590332031250e+01 9.721666717529296875e+01 2.018084526062011719e+01
7.347126007080078125e+01 1.232123336791992188e+02 1.026144981384277344e+00
7.347126007080078125e+01 1.289100036621093750e+02 -1.333988094329833984e+01
7.276139068603515625e+01 1.317588500976562500e+02 -2.702181053161621094e+01
7.222898864746093750e+01 1.308685913085937500e+02 -4.019066619873046875e+01
7.222898864746093750e+01 1.237464904785156250e+02 -5.079416275024414062e+01
7.222898864746093750e+01 1.237464904785156250e+02 -5.079416275024414062e+01
7.151912689208984375e+01 1.151999664306640625e+02 -5.900331878662109375e+01
7.205152130126953125e+01 1.103925476074218750e+02 -6.327892303466796875e+01
7.045432281494140625e+01 9.668251037597656250e+01 -6.755452728271484375e+01
6.903459167480468750e+01 8.991651153564453125e+01 -6.823862457275390625e+01
7.098672485351562500e+01 8.368467712402343750e+01 -6.738349914550781250e+01
6.974445343017578125e+01 7.958946990966796875e+01 -6.721247863769531250e+01
7.027685546875000000e+01 6.694773864746093750e+01 -6.225277709960937500e+01
7.027685546875000000e+01 6.694773864746093750e+01 -6.225277709960937500e+01
7.045432281494140625e+01 6.605747985839843750e+01 -6.208175277709960938e+01
7.098672485351562500e+01 5.199132919311523438e+01 -5.370157241821289062e+01
7.009938812255859375e+01 4.504728317260742188e+01 -4.532139205932617188e+01
6.867965698242187500e+01 3.614465713500976562e+01 -3.198151016235351562e+01
6.584018707275390625e+01 3.222750091552734375e+01 -1.898367691040039062e+01
6.637258911132812500e+01 3.276166152954101562e+01 -1.265578460693359375e+01
6.725991821289062500e+01 3.293971252441406250e+01 -1.111656761169433594e+01
6.725991821289062500e+01 3.293971252441406250e+01 -1.111656761169433594e+01
6.779232025146484375e+01 3.311776351928710938e+01 -2.120698928833007812e+01
7.258392333984375000e+01 4.362286376953125000e+01 -4.258500289916992188e+01
7.400366210937500000e+01 6.748189544677734375e+01 -6.105560684204101562e+01
7.506845855712890625e+01 8.386272430419921875e+01 -6.550223541259765625e+01
7.453605651855468750e+01 9.935329437255859375e+01 -6.601530456542968750e+01
7.364872741699218750e+01 1.062973403930664062e+02 -6.276585006713867188e+01
7.453605651855468750e+01 1.242806472778320312e+02 -4.925494384765625000e+01
7.453605651855468750e+01 1.242806472778320312e+02 -4.925494384765625000e+01
7.648819732666015625e+01 1.312246856689453125e+02 -2.240415954589843750e+01
7.400366210937500000e+01 1.262392196655273438e+02 -9.748374938964843750e+00
7.471352386474609375e+01 1.148438644409179688e+02 9.748374938964843750e+00
7.861779785156250000e+01 1.020240859985351562e+02 1.761548423767089844e+01
7.915019989013671875e+01 1.007777175903320312e+02 1.847060394287109375e+01
7.648819732666015625e+01 8.991651153564453125e+01 2.343030357360839844e+01
7.577832794189453125e+01 8.386272430419921875e+01 2.411440086364746094e+01
7.151912689208984375e+01 7.923336029052734375e+01 2.650873756408691406e+01
7.151912689208984375e+01 7.923336029052734375e+01 2.650873756408691406e+01
6.903459167480468750e+01 6.249642562866210938e+01 2.411440086364746094e+01
6.921205902099609375e+01 4.380091476440429688e+01 1.436602592468261719e+01
7.169659423828125000e+01 3.347386932373046875e+01 -3.762531042098999023e+00
7.098672485351562500e+01 3.240555572509765625e+01 -1.197168922424316406e+01
7.453605651855468750e+01 3.561050033569335938e+01 -2.428542327880859375e+01
7.737552642822265625e+01 4.130818176269531250e+01 -4.001964187622070312e+01
7.648819732666015625e+01 4.967664718627929688e+01 -4.771572875976562500e+01
7.808539581298828125e+01 6.089395523071289062e+01 -5.780615234375000000e+01
7.808539581298828125e+01 6.089395523071289062e+01 -5.780615234375000000e+01
7.790792846679687500e+01 7.460399627685546875e+01 -6.310789871215820312e+01
7.648819732666015625e+01 7.994557189941406250e+01 -6.652838134765625000e+01
7.098672485351562500e+01 8.724572753906250000e+01 -6.704145050048828125e+01
6.814725494384765625e+01 8.938235473632812500e+01 -6.875169372558593750e+01
6.530778503417968750e+01 8.724572753906250000e+01 -6.840964508056640625e+01
5.749924468994140625e+01 8.653351593017578125e+01 -6.772554779052734375e+01
4.312443542480468750e+01 8.706767272949218750e+01 -6.413404083251953125e+01
4.312443542480468750e+01 8.706767272949218750e+01 -6.413404083251953125e+01
4.312443542480468750e+01 8.706767272949218750e+01 -6.413404083251953125e+01
1.934388160705566406e+01 8.457493591308593750e+01 -4.703163146972656250e+01
1.437481212615966797e+01 8.243830871582031250e+01 -3.471789550781250000e+01
1.153534317016601562e+01 8.172609710693359375e+01 -1.487909793853759766e+01
1.703681373596191406e+01 7.941141510009765625e+01 3.420481920242309570e+00
2.874962234497070312e+01 7.549426269531250000e+01 1.539216995239257812e+01
4.063990020751953125e+01 7.068684387207031250e+01 2.172006225585937500e+01
4.063990020751953125e+01 7.068684387207031250e+01 2.172006225585937500e+01
5.412737655639648438e+01 6.142811203002929688e+01 2.343030357360839844e+01
6.033871459960937500e+01 5.590848541259765625e+01 2.189108657836914062e+01
7.134165954589843750e+01 4.949859619140625000e+01 1.573421859741210938e+01
7.879526519775390625e+01 4.949859619140625000e+01 1.402397823333740234e+01
8.642633819580078125e+01 5.537432861328125000e+01 1.214271163940429688e+01
9.228273773193359375e+01 6.053784942626953125e+01 7.183012962341308594e+00
9.654194641113281250e+01 5.911343002319335938e+01 4.788674831390380859e+00
9.654194641113281250e+01 5.911343002319335938e+01 4.788674831390380859e+00
9.636447906494140625e+01 5.608653640747070312e+01 -8.551210165023803711e-01
9.884901428222656250e+01 5.466211700439453125e+01 -9.406327247619628906e+00
9.600954437255859375e+01 5.038885879516601562e+01 -2.172006225585937500e+01
8.766860198974609375e+01 5.056690979003906250e+01 -3.796735382080078125e+01
8.039246368408203125e+01 5.216938400268554688e+01 -4.839982604980468750e+01
7.063179016113281250e+01 5.448406600952148438e+01 -5.472771453857421875e+01
5.945138168334960938e+01 5.501822280883789062e+01 -5.421464538574218750e+01
5.945138168334960938e+01 5.501822280883789062e+01 -5.421464538574218750e+01
4.969070816040039062e+01 5.519627380371093750e+01 -5.541181182861328125e+01
3.726802825927734375e+01 5.804511642456054688e+01 -5.199132919311523438e+01
2.963695716857910156e+01 6.035979843139648438e+01 -4.668958282470703125e+01
2.449041938781738281e+01 6.196226882934570312e+01 -4.207193374633789062e+01
1.384241104125976562e+01 6.908437347412109375e+01 -2.941614723205566406e+01
1.153534317016601562e+01 7.602841949462890625e+01 -1.590524291992187500e+01
1.437481212615966797e+01 7.638452148437500000e+01 -5.643795967102050781e+00
1.437481212615966797e+01 7.638452148437500000e+01 -5.643795967102050781e+00
2.040868377685546875e+01 7.852114868164062500e+01 4.617650985717773438e+00
2.662002182006835938e+01 7.869920349121093750e+01 1.573421859741210938e+01
3.655816268920898438e+01 8.119194030761718750e+01 1.983879661560058594e+01
4.010749816894531250e+01 8.297246551513671875e+01 2.189108657836914062e+01
5.430484390258789062e+01 8.047972869873046875e+01 2.565361785888671875e+01
6.903459167480468750e+01 8.030167388916015625e+01 2.514054489135742188e+01
7.915019989013671875e+01 7.656257629394531250e+01 2.394337654113769531e+01
7.915019989013671875e+01 7.656257629394531250e+01 2.394337654113769531e+01
8.358686828613281250e+01 7.638452148437500000e+01 2.137801361083984375e+01
8.997566986083984375e+01 7.389178466796875000e+01 1.556319522857666016e+01
9.636447906494140625e+01 7.033073425292968750e+01 9.748374938964843750e+00
9.796167755126953125e+01 6.552332305908203125e+01 3.420481920242309570e+00
9.991381072998046875e+01 6.214032363891601562e+01 -8.551210165023803711e-01
9.867154693603515625e+01 6.018174362182617188e+01 6.840959787368774414e-01
9.725180816650390625e+01 5.448406600952148438e+01 -2.394337892532348633e+00
9.725180816650390625e+01 5.448406600952148438e+01 -2.394337892532348633e+00
9.583207702636718750e+01 5.270354080200195312e+01 -6.156867980957031250e+00
9.600954437255859375e+01 5.216938400268554688e+01 -6.669939994812011719e+00
8.944327545166015625e+01 5.341574859619140625e+01 7.525061130523681641e+00
8.429673767089843750e+01 6.392084884643554688e+01 1.864162826538085938e+01
9.121794128417968750e+01 7.585036468505859375e+01 1.676036262512207031e+01
9.618701171875000000e+01 8.190415191650390625e+01 1.026144695281982422e+01
1.000912780761718750e+02 9.614835357666015625e+01 5.130722999572753906e+00
1.000912780761718750e+02 9.614835357666015625e+01 5.130722999572753906e+00
1.006236801147460938e+02 1.087900772094726562e+02 -9.406327247619628906e+00
9.973634338378906250e+01 1.150219116210937500e+02 -2.496952056884765625e+01
1.015110168457031250e+02 1.100364456176757812e+02 -3.386277389526367188e+01
1.015110168457031250e+02 1.029143447875976562e+02 -4.036169052124023438e+01
1.018659515380859375e+02 9.721666717529296875e+01 -4.344012451171875000e+01
1.043504867553710938e+02 9.721666717529296875e+01 -4.172988510131835938e+01
1.054152832031250000e+02 9.045066833496093750e+01 -3.659915924072265625e+01
1.071899566650390625e+02 8.546520233154296875e+01 -3.625711059570312500e+01
1.071899566650390625e+02 8.546520233154296875e+01 -3.625711059570312500e+01
1.077223510742187500e+02 8.457493591308593750e+01 -3.266560745239257812e+01
1.055927505493164062e+02 7.496010589599609375e+01 -3.574404144287109375e+01
1.064800872802734375e+02 7.015268707275390625e+01 -3.215253448486328125e+01
1.029307479858398438e+02 5.768901062011718750e+01 -2.394337654113769531e+01
1.004462127685546875e+02 5.305964660644531250e+01 -1.368192863464355469e+01
9.707434844970703125e+01 5.394990921020507812e+01 -3.933554887771606445e+00
9.370247650146484375e+01 5.733290481567382812e+01 6.156867980957031250e+00
9.370247650146484375e+01 5.733290481567382812e+01 6.156867980957031250e+00
9.050807189941406250e+01 6.303058624267578125e+01 1.299783325195312500e+01
9.299260711669921875e+01 5.875732421875000000e+01 1.094554424285888672e+01
9.778421020507812500e+01 4.967664718627929688e+01 -1.522114658355712891e+01
1.029307479858398438e+02 5.946953582763671875e+01 -2.702181053161621094e+01
1.055927505493164062e+02 6.997463226318359375e+01 -2.992922019958496094e+01
1.082547531127929688e+02 7.406983947753906250e+01 -2.975819587707519531e+01
1.098519515991210938e+02 7.745283508300781250e+01 -2.924512290954589844e+01
1.098519515991210938e+02 7.745283508300781250e+01 -2.924512290954589844e+01
1.075448837280273438e+02 8.582130432128906250e+01 -2.975819587707519531e+01
1.082547531127929688e+02 9.365561676025390625e+01 -2.804795455932617188e+01
1.080772857666015625e+02 9.383366394042968750e+01 -1.932572555541992188e+01
1.066575546264648438e+02 9.418977355957031250e+01 -1.009042263031005859e+01
1.052378158569335938e+02 8.706767272949218750e+01 3.933554887771606445e+00
1.041730194091796875e+02 8.208219909667968750e+01 5.301746845245361328e+00
1.022208862304687500e+02 6.908437347412109375e+01 6.498916149139404297e+00
9.725180816650390625e+01 6.018174362182617188e+01 5.814819812774658203e+00
9.725180816650390625e+01 6.018174362182617188e+01 5.814819812774658203e+00
9.139540863037109375e+01 4.967664718627929688e+01 4.617650985717773438e+00
7.755299377441406250e+01 3.828128814697265625e+01 -3.933554887771606445e+00
6.655005645751953125e+01 3.365192413330078125e+01 -1.522114658355712891e+01
5.430484390258789062e+01 3.739102554321289062e+01 -3.420482254028320312e+01
4.969070816040039062e+01 4.736196517944335938e+01 -5.062313842773437500e+01
3.833283233642578125e+01 6.623552703857421875e+01 -5.917434310913085938e+01
3.638069534301757812e+01 7.887725830078125000e+01 -6.139765548706054688e+01
3.638069534301757812e+01 7.887725830078125000e+01 -6.139765548706054688e+01
3.744549560546875000e+01 8.635546112060546875e+01 -6.379199600219726562e+01
3.691309738159179688e+01 1.025582427978515625e+02 -6.054253768920898438e+01
3.496096038818359375e+01 1.148438644409179688e+02 -5.216235351562500000e+01
2.928202438354492188e+01 1.123511276245117188e+02 -4.976801681518554688e+01
2.094108390808105469e+01 9.792887115478515625e+01 -4.480831909179687500e+01
1.189027595520019531e+01 8.493104553222656250e+01 -3.471789550781250000e+01
1.118041038513183594e+01 7.958946990966796875e+01 -1.795753288269042969e+01
1.118041038513183594e+01 7.958946990966796875e+01 -1.795753288269042969e+01
1.455227947235107422e+01 8.226025390625000000e+01 -3.078433990478515625e+00
2.129601669311523438e+01 8.724572753906250000e+01 7.525061130523681641e+00
3.496096038818359375e+01 9.668251037597656250e+01 1.487909793853759766e+01
5.377244186401367188e+01 1.038046112060546875e+02 1.795753288269042969e+01
7.098672485351562500e+01 1.064753952026367188e+02 1.778650856018066406e+01
8.358686828613281250e+01 1.073656539916992188e+02 1.180066394805908203e+01
8.873340606689453125e+01 1.125291824340820312e+02 4.104578971862792969e+00
8.873340606689453125e+01 1.125291824340820312e+02 4.104578971862792969e+00
8.553900146484375000e+01 1.121730728149414062e+02 5.472772121429443359e+00
8.163473510742187500e+01 9.294340515136718750e+01 1.983879661560058594e+01
7.702059173583984375e+01 6.516721343994140625e+01 2.394337654113769531e+01
7.169659423828125000e+01 4.166428375244140625e+01 8.209157943725585938e+00
5.270764160156250000e+01 3.329581832885742188e+01 -1.385295295715332031e+01
3.212149429321289062e+01 4.219844436645507812e+01 -2.753488159179687500e+01
1.863401412963867188e+01 6.142811203002929688e+01 -3.300765228271484375e+01
1.863401412963867188e+01 6.142811203002929688e+01 -3.300765228271484375e+01
1.455227947235107422e+01 8.439688873291015625e+01 -3.796735382080078125e+01
1.952134895324707031e+01 1.043387680053710938e+02 -3.659915924072265625e+01
3.212149429321289062e+01 1.237464904785156250e+02 -3.334970092773437500e+01
5.306257629394531250e+01 1.315807952880859375e+02 -1.727343559265136719e+01
7.169659423828125000e+01 1.264172744750976562e+02 -3.078433990478515625e+00
8.642633819580078125e+01 1.027362899780273438e+02 1.111656761169433594e+01
8.891087341308593750e+01 7.709673309326171875e+01 1.693138694763183594e+01
8.891087341308593750e+01 7.709673309326171875e+01 1.693138694763183594e+01
7.826286315917968750e+01 5.003275299072265625e+01 1.590524291992187500e+01
4.667377090454101562e+01 4.006181335449218750e+01 5.301746845245361328e+00
2.715242195129394531e+01 4.540338897705078125e+01 -1.693138694763183594e+01
2.058614921569824219e+01 5.982564163208007812e+01 -3.728325653076171875e+01
2.289321708679199219e+01 8.101388549804687500e+01 -5.011006546020507812e+01
2.555522155761718750e+01 1.007777175903320312e+02 -5.267542648315429688e+01
3.407362747192382812e+01 1.182268600463867188e+02 -4.686060714721679688e+01
3.407362747192382812e+01 1.182268600463867188e+02 -4.686060714721679688e+01
4.418923568725585938e+01 1.287319641113281250e+02 -3.642813491821289062e+01
5.182030868530273438e+01 1.306905364990234375e+02 -1.778650856018066406e+01
5.235271072387695312e+01 1.173365936279296875e+02 9.406327247619628906e+00
3.815536499023437500e+01 8.457493591308593750e+01 2.206211090087890625e+01
2.111855125427246094e+01 6.712579345703125000e+01 5.643795967102050781e+00
1.366494464874267578e+01 6.783800506591796875e+01 -2.548259353637695312e+01
2.094108390808105469e+01 7.798699188232421875e+01 -5.096518707275390625e+01
2.094108390808105469e+01 7.798699188232421875e+01 -5.096518707275390625e+01
3.691309738159179688e+01 8.475299072265625000e+01 -6.191072845458984375e+01
5.288510894775390625e+01 9.472393035888671875e+01 -6.635735321044921875e+01
5.732178115844726562e+01 1.002435607910156250e+02 -6.652838134765625000e+01
6.371058654785156250e+01 1.080778656005859375e+02 -6.344994735717773438e+01
6.601765441894531250e+01 1.143097076416015625e+02 -5.951639175415039062e+01
7.240645599365234375e+01 1.200073852539062500e+02 -5.233337783813476562e+01
8.145726776123046875e+01 1.244586944580078125e+02 -3.916452026367187500e+01
8.145726776123046875e+01 1.244586944580078125e+02 -3.916452026367187500e+01
8.660380554199218750e+01 1.249928512573242188e+02 -2.496952056884765625e+01
9.068553924560546875e+01 1.176927032470703125e+02 -1.077451896667480469e+01
8.287699890136718750e+01 1.123511276245117188e+02 7.696084976196289062e+00
6.956698608398437500e+01 1.050509719848632812e+02 1.744445991516113281e+01
5.536964416503906250e+01 9.686055755615234375e+01 2.223313522338867188e+01
3.993003082275390625e+01 8.599935913085937500e+01 2.206211090087890625e+01
3.815536499023437500e+01 8.279441070556640625e+01 2.103596687316894531e+01
3.815536499023437500e+01 8.279441070556640625e+01 2.103596687316894531e+01
3.265389251708984375e+01 7.264541625976562500e+01 1.881265258789062500e+01
2.395801925659179688e+01 6.035979843139648438e+01 4.617650985717773438e+00
1.632694625854492188e+01 5.911343002319335938e+01 -1.436602592468261719e+01
1.472974491119384766e+01 6.997463226318359375e+01 -3.334970092773437500e+01
1.756921386718750000e+01 8.065778350830078125e+01 -4.463729476928710938e+01
2.431295204162597656e+01 9.169703674316406250e+01 -5.284645080566406250e+01
3.336376190185546875e+01 9.579224395751953125e+01 -6.054253768920898438e+01
3.336376190185546875e+01 9.579224395751953125e+01 -6.054253768920898438e+01
3.762296295166015625e+01 9.970939636230468750e+01 -6.156867980957031250e+01
4.081736755371093750e+01 1.014899215698242188e+02 -6.259482574462890625e+01
4.276950073242187500e+01 1.009557647705078125e+02 -6.276585006713867188e+01
4.010749816894531250e+01 1.014899215698242188e+02 -6.225277709960937500e+01
3.052429008483886719e+01 9.792887115478515625e+01 -5.609590911865234375e+01
2.076361656188964844e+01 9.846303558349609375e+01 -4.463729476928710938e+01
1.881148147583007812e+01 1.046948699951171875e+02 -3.659915924072265625e+01
1.881148147583007812e+01 1.046948699951171875e+02 -3.659915924072265625e+01
2.200588417053222656e+01 1.118169708251953125e+02 -2.736385726928710938e+01
3.034682464599609375e+01 1.219659652709960938e+02 -1.932572555541992188e+01
4.170470046997070312e+01 1.216098556518554688e+02 -4.275602817535400391e+00
5.199777603149414062e+01 1.191171188354492188e+02 5.643795967102050781e+00
6.175844955444335938e+01 1.150219116210937500e+02 1.231373596191406250e+01
6.796978759765625000e+01 1.134194412231445312e+02 1.248476123809814453e+01
7.169659423828125000e+01 1.160902328491210938e+02 9.235301971435546875e+00
7.151912689208984375e+01 1.123511276245117188e+02 1.419500160217285156e+01
7.151912689208984375e+01 1.123511276245117188e+02 1.419500160217285156e+01
7.293885803222656250e+01 1.091461791992187500e+02 1.658933830261230469e+01
7.861779785156250000e+01 1.038046112060546875e+02 1.761548423767089844e+01
8.429673767089843750e+01 9.881913757324218750e+01 1.658933830261230469e+01
8.731366729736328125e+01 7.834310150146484375e+01 2.154903793334960938e+01
8.323193359375000000e+01 5.786706161499023438e+01 2.000982093811035156e+01
7.418112945556640625e+01 3.988375854492187500e+01 7.525061130523681641e+00
5.607951354980468750e+01 3.240555572509765625e+01 -1.128759193420410156e+01
5.607951354980468750e+01 3.240555572509765625e+01 -1.128759193420410156e+01
3.957509994506835938e+01 4.006181335449218750e+01 -2.924512290954589844e+01
2.573268508911132812e+01 4.896443557739257812e+01 -3.232355880737304688e+01
1.898894882202148438e+01 6.356474304199218750e+01 -3.711223220825195312e+01
1.437481212615966797e+01 7.745283508300781250e+01 -3.882247543334960938e+01
1.650441360473632812e+01 9.205313873291015625e+01 -4.258500289916992188e+01
2.803975677490234375e+01 1.093242340087890625e+02 -4.993904113769531250e+01
4.472163772583007812e+01 1.189390716552734375e+02 -5.472771453857421875e+01
6.867965698242187500e+01 1.191171188354492188e+02 -5.592488479614257812e+01
6.867965698242187500e+01 1.191171188354492188e+02 -5.592488479614257812e+01
8.358686828613281250e+01 1.180488052368164062e+02 -5.011006546020507812e+01
9.104047393798828125e+01 1.162682800292968750e+02 -4.600548553466796875e+01
9.228273773193359375e+01 1.128852844238281250e+02 -4.651855850219726562e+01
9.352500915527343750e+01 1.148438644409179688e+02 -4.668958282470703125e+01
8.323193359375000000e+01 1.255270156860351562e+02 -3.813837814331054688e+01
7.844033050537109375e+01 1.314027404785156250e+02 -2.702181053161621094e+01
7.648819732666015625e+01 1.305124816894531250e+02 -1.864162826538085938e+01
7.648819732666015625e+01 1.305124816894531250e+02 -1.864162826538085938e+01
8.216712951660156250e+01 1.248148040771484375e+02 -3.249458074569702148e+00
8.482913208007812500e+01 1.004216079711914062e+02 1.641831588745117188e+01
8.607140350341796875e+01 6.819410705566406250e+01 2.206211090087890625e+01
8.163473510742187500e+01 4.202038955688476562e+01 8.209157943725585938e+00
7.418112945556640625e+01 3.489828872680664062e+01 -5.472772121429443359e+00
5.874151229858398438e+01 3.151529312133789062e+01 -1.419500160217285156e+01
3.886523056030273438e+01 3.756907653808593750e+01 -2.035186958312988281e+01
3.886523056030273438e+01 3.756907653808593750e+01 -2.035186958312988281e+01
2.360308647155761719e+01 5.110106658935546875e+01 -3.198151016235351562e+01
2.076361656188964844e+01 6.498916625976562500e+01 -4.224295425415039062e+01
2.182841682434082031e+01 7.567230987548828125e+01 -5.113621139526367188e+01
2.253828430175781250e+01 9.205313873291015625e+01 -5.182030487060546875e+01
3.478349304199218750e+01 1.100364456176757812e+02 -5.643795776367187500e+01
5.607951354980468750e+01 1.185829620361328125e+02 -5.917434310913085938e+01
6.601765441894531250e+01 1.192951736450195312e+02 -5.643795776367187500e+01
6.601765441894531250e+01 1.192951736450195312e+02 -5.643795776367187500e+01
7.719805908203125000e+01 1.216098556518554688e+02 -5.011006546020507812e+01
8.482913208007812500e+01 1.232123336791992188e+02 -4.378217315673828125e+01
9.210527801513671875e+01 1.212537536621093750e+02 -3.403379821777343750e+01
9.210527801513671875e+01 1.216098556518554688e+02 -2.411440086364746094e+01
9.263767242431640625e+01 1.196512832641601562e+02 -1.265578460693359375e+01
9.139540863037109375e+01 1.137755508422851562e+02 -2.907409906387329102e+00
9.671941375732421875e+01 1.045168151855468750e+02 2.565361976623535156e+00
9.671941375732421875e+01 1.045168151855468750e+02 2.565361976623535156e+00
1.032856826782226562e+02 9.650445556640625000e+01 -1.368193030357360840e+00
1.048828811645507812e+02 9.134093475341796875e+01 -4.275602817535400391e+00
1.078998184204101562e+02 8.653351593017578125e+01 -5.814819812774658203e+00
1.064800872802734375e+02 7.656257629394531250e+01 -3.078433990478515625e+00
1.041730194091796875e+02 6.498916625976562500e+01 -6.327891826629638672e+00
9.778421020507812500e+01 5.216938400268554688e+01 -6.669939994812011719e+00
8.979820251464843750e+01 4.451312637329101562e+01 -8.209157943725585938e+00
8.979820251464843750e+01 4.451312637329101562e+01 -8.209157943725585938e+00
8.127980041503906250e+01 3.881544494628906250e+01 0.000000000000000000e+00
6.530778503417968750e+01 3.739102554321289062e+01 8.893255233764648438e+00
4.436670303344726562e+01 5.021080398559570312e+01 1.539216995239257812e+01
2.768482208251953125e+01 5.804511642456054688e+01 8.209157943725585938e+00
1.703681373596191406e+01 6.872826385498046875e+01 2.052289009094238281e+00
1.100294303894042969e+01 7.727478790283203125e+01 -1.333988094329833984e+01
1.242267704010009766e+01 8.439688873291015625e+01 -3.591506576538085938e+01
1.242267704010009766e+01 8.439688873291015625e+01 -3.591506576538085938e+01
2.555522155761718750e+01 9.970939636230468750e+01 -5.335952377319335938e+01
4.756110382080078125e+01 1.192951736450195312e+02 -5.678000640869140625e+01
7.151912689208984375e+01 1.219659652709960938e+02 -5.318849945068359375e+01
7.897273254394531250e+01 1.208976440429687500e+02 -5.113621139526367188e+01
8.660380554199218750e+01 1.203634872436523438e+02 -4.275602722167968750e+01
9.370247650146484375e+01 1.207195968627929688e+02 -2.907409858703613281e+01
9.104047393798828125e+01 1.216098556518554688e+02 -1.214271163940429688e+01
9.104047393798828125e+01 1.216098556518554688e+02 -1.214271163940429688e+01
8.482913208007812500e+01 1.203634872436523438e+02 -4.104578971862792969e+00
6.513031768798828125e+01 1.251709060668945312e+02 -1.197168946266174316e+00
3.780043029785156250e+01 1.265953292846679688e+02 -1.111656761169433594e+01
1.916641616821289062e+01 1.118169708251953125e+02 -3.317867660522460938e+01
2.236081886291503906e+01 9.970939636230468750e+01 -4.720265579223632812e+01
1.756921386718750000e+01 9.668251037597656250e+01 -4.463729476928710938e+01
1.118041038513183594e+01 8.564324951171875000e+01 -2.137801361083984375e+01
1.118041038513183594e+01 8.564324951171875000e+01 -2.137801361083984375e+01
1.987628173828125000e+01 8.226025390625000000e+01 3.762531042098999023e+00
4.117229843139648438e+01 9.329950714111328125e+01 2.052289390563964844e+01
6.229085159301757812e+01 1.020240859985351562e+02 2.137801361083984375e+01
8.340940093994140625e+01 1.054070816040039062e+02 1.402397823333740234e+01
9.760674285888671875e+01 1.054070816040039062e+02 6.840959787368774414e-01
1.057702178955078125e+02 9.258730316162109375e+01 -8.893255233764648438e+00
1.091420898437500000e+02 7.496010589599609375e+01 -1.385295295715332031e+01
1.091420898437500000e+02 7.496010589599609375e+01 -1.385295295715332031e+01
1.054152832031250000e+02 6.694773864746093750e+01 -8.209157943725585938e+00
9.920394897460937500e+01 6.035979843139648438e+01 -8.551210165023803711e-01
9.529967498779296875e+01 5.608653640747070312e+01 7.354036808013916016e+00
7.790792846679687500e+01 4.967664718627929688e+01 1.385295295715332031e+01
6.246831512451171875e+01 4.344480895996093750e+01 1.402397823333740234e+01
4.330190277099609375e+01 4.237649536132812500e+01 9.919399261474609375e+00
3.070175743103027344e+01 4.504728317260742188e+01 1.197168946266174316e+00
3.070175743103027344e+01 4.504728317260742188e+01 1.197168946266174316e+00
2.271575164794921875e+01 4.843027877807617188e+01 -1.060349464416503906e+01
1.703681373596191406e+01 5.555237960815429688e+01 -1.812855529785156250e+01
1.366494464874267578e+01 6.890631866455078125e+01 -2.958717155456542969e+01
1.348747825622558594e+01 7.798699188232421875e+01 -3.352072525024414062e+01
1.543961334228515625e+01 9.810692596435546875e+01 -3.745428085327148438e+01
3.087922477722167969e+01 1.228562240600585938e+02 -3.933554458618164062e+01
6.282324981689453125e+01 1.321149597167968750e+02 -3.591506576538085938e+01
6.282324981689453125e+01 1.321149597167968750e+02 -3.591506576538085938e+01
7.897273254394531250e+01 1.294441680908203125e+02 -3.061331558227539062e+01
8.553900146484375000e+01 1.257050628662109375e+02 -2.565361785888671875e+01
8.926580810546875000e+01 1.237464904785156250e+02 -1.898367691040039062e+01
8.660380554199218750e+01 1.225001220703125000e+02 -1.197168922424316406e+01
6.317818450927734375e+01 1.303344268798828125e+02 -4.788674831390380859e+00
3.584829711914062500e+01 1.253489608764648438e+02 -1.197168922424316406e+01
1.810161209106445312e+01 1.082559204101562500e+02 -1.676036262512207031e+01
1.277761077880859375e+01 8.867014312744140625e+01 -2.018084526062011719e+01
1.277761077880859375e+01 8.867014312744140625e+01 -2.018084526062011719e+01
1.171280956268310547e+01 7.086489868164062500e+01 -2.496952056884765625e+01
2.378055191040039062e+01 5.448406600952148438e+01 -3.523096847534179688e+01
3.141162490844726562e+01 6.356474304199218750e+01 -5.216235351562500000e+01
3.496096038818359375e+01 7.780894470214843750e+01 -5.968741607666015625e+01
4.401176834106445312e+01 9.686055755615234375e+01 -6.669940185546875000e+01
5.128790664672851562e+01 1.187610168457031250e+02 -5.660898208618164062e+01
6.601765441894531250e+01 1.321149597167968750e+02 -3.215253448486328125e+01
6.601765441894531250e+01 1.321149597167968750e+02 -3.215253448486328125e+01
6.761485290527343750e+01 1.322930145263671875e+02 -2.137801361083984375e+01
7.169659423828125000e+01 1.314027404785156250e+02 -1.847060394287109375e+01
6.992192077636718750e+01 1.299783325195312500e+02 -1.368192863464355469e+01
6.459791564941406250e+01 1.278416976928710938e+02 -7.525061130523681641e+00
6.229085159301757812e+01 1.258831176757812500e+02 1.881265044212341309e+00
6.282324981689453125e+01 1.178707580566406250e+02 1.026144695281982422e+01
6.193591690063476562e+01 1.027362899780273438e+02 2.206211090087890625e+01
5.767671203613281250e+01 7.709673309326171875e+01 2.753488159179687500e+01
5.767671203613281250e+01 7.709673309326171875e+01 2.753488159179687500e+01
5.128790664672851562e+01 6.000369262695312500e+01 2.240415954589843750e+01
4.578643798828125000e+01 4.451312637329101562e+01 1.094554424285888672e+01
3.939763259887695312e+01 3.917155075073242188e+01 -3.762531042098999023e+00
3.371869277954101562e+01 4.095207595825195312e+01 -2.633771324157714844e+01
3.513842773437500000e+01 5.733290481567382812e+01 -4.993904113769531250e+01
4.702870559692382812e+01 6.961853027343750000e+01 -6.173970413208007812e+01
5.554711151123046875e+01 7.745283508300781250e+01 -6.618633270263671875e+01
5.554711151123046875e+01 7.745283508300781250e+01 -6.618633270263671875e+01
5.075550842285156250e+01 9.472393035888671875e+01 -6.635735321044921875e+01
4.756110382080078125e+01 1.160902328491210938e+02 -5.814819717407226562e+01
5.306257629394531250e+01 1.290880584716796875e+02 -4.395319747924804688e+01
5.643444442749023438e+01 1.306905364990234375e+02 -4.001964187622070312e+01
4.046243286132812500e+01 1.289100036621093750e+02 -3.181048583984375000e+01
3.070175743103027344e+01 1.219659652709960938e+02 -1.795753288269042969e+01
3.034682464599609375e+01 1.127072296142578125e+02 1.881265044212341309e+00
3.034682464599609375e+01 1.127072296142578125e+02 1.881265044212341309e+00
4.543150329589843750e+01 9.757276916503906250e+01 2.120698928833007812e+01
6.140351486206054688e+01 8.902625274658203125e+01 2.702181053161621094e+01
7.400366210937500000e+01 8.528714752197265625e+01 2.445644760131835938e+01
9.210527801513671875e+01 8.564324951171875000e+01 1.522114658355712891e+01
1.008011474609375000e+02 9.223119354248046875e+01 1.368193030357360840e+00
1.063026199340820312e+02 9.347756195068359375e+01 -1.145861625671386719e+01
1.071899566650390625e+02 9.614835357666015625e+01 -2.086494255065917969e+01
1.071899566650390625e+02 9.614835357666015625e+01 -2.086494255065917969e+01
1.075448837280273438e+02 9.258730316162109375e+01 -2.531156921386718750e+01
1.087871551513671875e+02 9.169703674316406250e+01 -1.522114658355712891e+01
1.023983459472656250e+02 9.418977355957031250e+01 -8.551210165023803711e-01
9.086300659179687500e+01 9.543614196777343750e+01 1.368192863464355469e+01
6.246831512451171875e+01 1.014899215698242188e+02 2.086494255065917969e+01
3.283135986328125000e+01 1.034485015869140625e+02 1.180066394805908203e+01
1.845654869079589844e+01 1.004216079711914062e+02 -4.788674831390380859e+00
1.845654869079589844e+01 1.004216079711914062e+02 -4.788674831390380859e+00
1.260014438629150391e+01 9.881913757324218750e+01 -1.829957962036132812e+01
1.047054195404052734e+01 9.525808715820312500e+01 -2.650873756408691406e+01
1.384241104125976562e+01 9.223119354248046875e+01 -3.352072525024414062e+01
1.419734477996826172e+01 8.831404113769531250e+01 -3.967759323120117188e+01
1.490721321105957031e+01 8.617740631103515625e+01 -4.070373916625976562e+01
1.668188095092773438e+01 8.653351593017578125e+01 -4.378217315673828125e+01
1.650441360473632812e+01 8.315052032470703125e+01 -4.190090942382812500e+01
1.650441360473632812e+01 8.315052032470703125e+01 -4.190090942382812500e+01
2.236081886291503906e+01 7.976751708984375000e+01 -4.891289520263671875e+01
3.354122543334960938e+01 7.887725830078125000e+01 -6.002946472167968750e+01
4.862590408325195312e+01 8.012362670898437500e+01 -6.567326354980468750e+01
6.761485290527343750e+01 8.243830871582031250e+01 -6.618633270263671875e+01
8.678127288818359375e+01 8.065778350830078125e+01 -5.866127014160156250e+01
9.938141632080078125e+01 7.691867828369140625e+01 -4.686060714721679688e+01
1.045279541015625000e+02 7.460399627685546875e+01 -3.505994415283203125e+01
1.045279541015625000e+02 7.460399627685546875e+01 -3.505994415283203125e+01
1.087871551513671875e+02 7.282347106933593750e+01 -2.411440086364746094e+01
1.066575546264648438e+02 7.317958068847656250e+01 -1.043247222900390625e+01
1.015110168457031250e+02 7.157710266113281250e+01 2.736386060714721680e+00
9.458981323242187500e+01 7.104294586181640625e+01 1.316885662078857422e+01
8.110233306884765625e+01 6.249642562866210938e+01 1.932572555541992188e+01
6.956698608398437500e+01 5.341574859619140625e+01 1.983879661560058594e+01
5.749924468994140625e+01 4.700585937500000000e+01 1.812855529785156250e+01
5.749924468994140625e+01 4.700585937500000000e+01 1.812855529785156250e+01
3.957509994506835938e+01 4.896443557739257812e+01 1.111656761169433594e+01
2.218335151672363281e+01 5.822316741943359375e+01 1.539216995239257812e+00
1.472974491119384766e+01 7.567230987548828125e+01 -3.591506004333496094e+00
1.579454708099365234e+01 9.632640075683593750e+01 -5.643795967102050781e+00
2.520028686523437500e+01 1.100364456176757812e+02 -4.104578971862792969e+00
3.354122543334960938e+01 1.127072296142578125e+02 1.881265044212341309e+00
3.673563003540039062e+01 1.080778656005859375e+02 7.354036808013916016e+00
3.762296295166015625e+01 1.022021331787109375e+02 1.539216995239257812e+01
3.762296295166015625e+01 1.022021331787109375e+02 1.539216995239257812e+01
4.507656860351562500e+01 9.650445556640625000e+01 1.983879661560058594e+01
5.111044311523437500e+01 7.976751708984375000e+01 2.599566459655761719e+01
6.193591690063476562e+01 6.178421783447265625e+01 2.514054489135742188e+01
7.382619476318359375e+01 5.911343002319335938e+01 2.120698928833007812e+01
7.861779785156250000e+01 6.035979843139648438e+01 2.035186958312988281e+01
7.790792846679687500e+01 5.857927322387695312e+01 2.035186958312988281e+01
6.725991821289062500e+01 5.573043060302734375e+01 2.308825492858886719e+01
5.288510894775390625e+01 5.733290481567382812e+01 2.462747192382812500e+01
5.288510894775390625e+01 5.733290481567382812e+01 2.462747192382812500e+01
4.330190277099609375e+01 6.801605224609375000e+01 2.428542327880859375e+01
3.939763259887695312e+01 7.406983947753906250e+01 2.325927925109863281e+01
3.283135986328125000e+01 6.926242065429687500e+01 1.761548423767089844e+01
2.200588417053222656e+01 6.730384826660156250e+01 9.235301971435546875e+00
1.206774425506591797e+01 7.300152587890625000e+01 -1.265578460693359375e+01
1.313254356384277344e+01 7.406983947753906250e+01 -3.181048583984375000e+01
1.952134895324707031e+01 7.406983947753906250e+01 -3.181048583984375000e+01
1.952134895324707031e+01 7.905531311035156250e+01 -4.686060714721679688e+01
3.034682464599609375e+01 8.564324951171875000e+01 -5.934536743164062500e+01
4.649630355834960938e+01 9.472393035888671875e+01 -6.567326354980468750e+01
5.554711151123046875e+01 9.988745117187500000e+01 -6.618633270263671875e+01
6.459791564941406250e+01 9.970939636230468750e+01 -6.464711761474609375e+01
7.755299377441406250e+01 9.347756195068359375e+01 -6.413404083251953125e+01
8.323193359375000000e+01 8.386272430419921875e+01 -6.173970413208007812e+01
8.323193359375000000e+01 8.386272430419921875e+01 -6.173970413208007812e+01
9.618701171875000000e+01 7.656257629394531250e+01 -4.925494384765625000e+01
1.036406173706054688e+02 6.979657745361328125e+01 -3.146843719482421875e+01
1.075448837280273438e+02 6.623552703857421875e+01 -1.505012321472167969e+01
9.973634338378906250e+01 5.911343002319335938e+01 -1.710240960121154785e+00
9.157287597656250000e+01 5.448406600952148438e+01 6.840963840484619141e+00
8.127980041503906250e+01 5.021080398559570312e+01 1.162963962554931641e+01
6.921205902099609375e+01 4.486922836303710938e+01 1.333988094329833984e+01
6.921205902099609375e+01 4.486922836303710938e+01 1.333988094329833984e+01
6.353311920166015625e+01 4.344480895996093750e+01 1.436602592468261719e+01
5.927391433715820312e+01 4.202038955688476562e+01 1.368192863464355469e+01
5.643444442749023438e+01 4.023986434936523438e+01 1.162963962554931641e+01
5.394990921020507812e+01 3.774713134765625000e+01 5.472772121429443359e+00
5.199777603149414062e+01 3.436413192749023438e+01 1.197168946266174316e+00
4.205963516235351562e+01 3.756907653808593750e+01 1.710239946842193604e-01
3.833283233642578125e+01 4.486922836303710938e+01 9.577350616455078125e+00
3.833283233642578125e+01 4.486922836303710938e+01 9.577350616455078125e+00
3.070175743103027344e+01 6.214032363891601562e+01 1.658933830261230469e+01
2.874962234497070312e+01 6.908437347412109375e+01 1.607626724243164062e+01
2.094108390808105469e+01 8.439688873291015625e+01 8.893255233764648438e+00
1.756921386718750000e+01 1.038046112060546875e+02 -1.248476123809814453e+01
1.792414855957031250e+01 1.062973403930664062e+02 -3.369174957275390625e+01
2.147348403930664062e+01 1.027362899780273438e+02 -4.737368011474609375e+01
3.229895782470703125e+01 1.050509719848632812e+02 -5.678000640869140625e+01
3.229895782470703125e+01 1.050509719848632812e+02 -5.678000640869140625e+01
4.578643798828125000e+01 1.075437088012695312e+02 -6.327892303466796875e+01
6.459791564941406250e+01 1.111047592163085938e+02 -6.156867980957031250e+01
8.287699890136718750e+01 1.102145004272460938e+02 -5.626693344116210938e+01
9.441234588623046875e+01 1.093242340087890625e+02 -4.275602722167968750e+01
1.004462127685546875e+02 1.103925476074218750e+02 -2.667976188659667969e+01
9.938141632080078125e+01 1.128852844238281250e+02 -1.847060394287109375e+01
9.671941375732421875e+01 1.112828140258789062e+02 -6.327891826629638672e+00
9.671941375732421875e+01 1.112828140258789062e+02 -6.327891826629638672e+00
9.671941375732421875e+01 1.112828140258789062e+02 -6.327891826629638672e+00
7.950512695312500000e+01 9.579224395751953125e+01 1.812855529785156250e+01
6.903459167480468750e+01 9.205313873291015625e+01 2.377235221862792969e+01
5.838658142089843750e+01 9.098482513427734375e+01 2.445644760131835938e+01
5.164284133911132812e+01 8.742377471923828125e+01 2.582464027404785156e+01
5.501470947265625000e+01 8.510909271240234375e+01 2.633771324157714844e+01
5.341751098632812500e+01 8.457493591308593750e+01 2.616668891906738281e+01
5.767671203613281250e+01 8.813598632812500000e+01 2.650873756408691406e+01
5.767671203613281250e+01 8.813598632812500000e+01 2.650873756408691406e+01
6.424298858642578125e+01 9.436782836914062500e+01 2.394337654113769531e+01
6.743738555908203125e+01 9.151898193359375000e+01 2.428542327880859375e+01
7.151912689208984375e+01 8.564324951171875000e+01 2.479849624633789062e+01
7.063179016113281250e+01 7.834310150146484375e+01 2.667976188659667969e+01
6.921205902099609375e+01 7.549426269531250000e+01 2.633771324157714844e+01
7.151912689208984375e+01 7.567230987548828125e+01 2.650873756408691406e+01
7.240645599365234375e+01 7.549426269531250000e+01 2.565361785888671875e+01
7.347126007080078125e+01 8.047972869873046875e+01 2.496952056884765625e+01
7.347126007080078125e+01 8.047972869873046875e+01 2.496952056884765625e+01
7.347126007080078125e+01 8.795793151855468750e+01 2.428542327880859375e+01
7.151912689208984375e+01 9.561418914794921875e+01 2.206211090087890625e+01
6.513031768798828125e+01 9.668251037597656250e+01 2.343030357360839844e+01
5.820911407470703125e+01 8.831404113769531250e+01 2.599566459655761719e+01
5.519217681884765625e+01 8.599935913085937500e+01 2.616668891906738281e+01
5.696684646606445312e+01 8.528714752197265625e+01 2.479849624633789062e+01
5.590204620361328125e+01 8.599935913085937500e+01 2.514054489135742188e+01
5.590204620361328125e+01 8.599935913085937500e+01 2.514054489135742188e+01
5.430484390258789062e+01 8.653351593017578125e+01 2.565361785888671875e+01
5.288510894775390625e+01 8.546520233154296875e+01 2.496952056884765625e+01
5.324004364013671875e+01 8.510909271240234375e+01 2.565361785888671875e+01
5.448231124877929688e+01 8.564324951171875000e+01 2.548259353637695312e+01
5.377244186401367188e+01 8.671157073974609375e+01 2.548259353637695312e+01
5.519217681884765625e+01 9.027262115478515625e+01 2.411440086364746094e+01
5.607951354980468750e+01 9.436782836914062500e+01 2.257518386840820312e+01
5.607951354980468750e+01 9.436782836914062500e+01 2.257518386840820312e+01
6.016124725341796875e+01 9.775082397460937500e+01 2.206211090087890625e+01
6.637258911132812500e+01 9.401171875000000000e+01 2.360132789611816406e+01
7.009938812255859375e+01 8.635546112060546875e+01 2.548259353637695312e+01
7.009938812255859375e+01 8.493104553222656250e+01 2.445644760131835938e+01
6.974445343017578125e+01 8.457493591308593750e+01 2.514054489135742188e+01
6.956698608398437500e+01 8.332856750488281250e+01 2.496952056884765625e+01
7.063179016113281250e+01 8.439688873291015625e+01 2.599566459655761719e+01
7.063179016113281250e+01 8.439688873291015625e+01 2.599566459655761719e+01
7.063179016113281250e+01 8.226025390625000000e+01 2.633771324157714844e+01
6.903459167480468750e+01 8.243830871582031250e+01 2.411440086364746094e+01
6.992192077636718750e+01 8.226025390625000000e+01 2.565361785888671875e+01
7.063179016113281250e+01 8.297246551513671875e+01 2.531156921386718750e+01
6.850218963623046875e+01 9.045066833496093750e+01 2.428542327880859375e+01
6.122604751586914062e+01 9.418977355957031250e+01 2.343030357360839844e+01
5.590204620361328125e+01 9.561418914794921875e+01 2.240415954589843750e+01
5.590204620361328125e+01 9.561418914794921875e+01 2.240415954589843750e+01
5.270764160156250000e+01 9.490198516845703125e+01 2.240415954589843750e+01
5.057804107666015625e+01 9.205313873291015625e+01 2.343030357360839844e+01
5.111044311523437500e+01 9.151898193359375000e+01 2.223313522338867188e+01
4.969070816040039062e+01 9.187509155273437500e+01 2.360132789611816406e+01
4.951324081420898438e+01 9.240924835205078125e+01 2.240415954589843750e+01
4.951324081420898438e+01 9.205313873291015625e+01 2.343030357360839844e+01
4.986817169189453125e+01 9.098482513427734375e+01 2.274620628356933594e+01
4.986817169189453125e+01 9.098482513427734375e+01 2.274620628356933594e+01
4.986817169189453125e+01 9.418977355957031250e+01 2.172006225585937500e+01
5.182030868530273438e+01 9.472393035888671875e+01 2.120698928833007812e+01
5.448231124877929688e+01 8.421883392333984375e+01 2.548259353637695312e+01
5.856404876708984375e+01 8.831404113769531250e+01 2.462747192382812500e+01
6.371058654785156250e+01 9.597029876708984375e+01 2.343030357360839844e+01
6.566271972656250000e+01 9.650445556640625000e+01 2.291723060607910156e+01
6.708245086669921875e+01 9.472393035888671875e+01 2.223313522338867188e+01
6.708245086669921875e+01 9.472393035888671875e+01 2.223313522338867188e+01
6.761485290527343750e+01 9.134093475341796875e+01 2.616668891906738281e+01
7.045432281494140625e+01 8.991651153564453125e+01 2.582464027404785156e+01
6.725991821289062500e+01 8.421883392333984375e+01 2.685078620910644531e+01
6.761485290527343750e+01 8.065778350830078125e+01 2.548259353637695312e+01
6.743738555908203125e+01 7.585036468505859375e+01 2.770590591430664062e+01
6.867965698242187500e+01 7.923336029052734375e+01 2.685078620910644531e+01
7.080925750732421875e+01 7.496010589599609375e+01 2.753488159179687500e+01
6.743738555908203125e+01 6.872826385498046875e+01 2.633771324157714844e+01
6.743738555908203125e+01 6.872826385498046875e+01 2.633771324157714844e+01
6.566271972656250000e+01 6.409889984130859375e+01 2.599566459655761719e+01
6.122604751586914062e+01 6.285253143310546875e+01 2.582464027404785156e+01
5.838658142089843750e+01 5.857927322387695312e+01 2.411440086364746094e+01
5.625697708129882812e+01 6.107200622558593750e+01 2.514054489135742188e+01
5.536964416503906250e+01 6.196226882934570312e+01 2.565361785888671875e+01
5.465977859497070312e+01 6.409889984130859375e+01 2.394337654113769531e+01
5.501470947265625000e+01 6.481111145019531250e+01 2.599566459655761719e+01
5.501470947265625000e+01 6.481111145019531250e+01 2.599566459655761719e+01
5.891897964477539062e+01 7.157710266113281250e+01 2.633771324157714844e+01
5.820911407470703125e+01 8.012362670898437500e+01 2.633771324157714844e+01
5.004563903808593750e+01 8.831404113769531250e+01 2.428542327880859375e+01
2.963695716857910156e+01 9.098482513427734375e+01 1.282680892944335938e+01
1.437481212615966797e+01 8.564324951171875000e+01 -6.327891826629638672e+00
1.331001091003417969e+01 8.920429992675781250e+01 -2.924512290954589844e+01
1.881148147583007812e+01 8.831404113769531250e+01 -4.686060714721679688e+01
3.052429008483886719e+01 9.258730316162109375e+01 -5.814819717407226562e+01
3.052429008483886719e+01 9.258730316162109375e+01 -5.814819717407226562e+01
4.152723312377929688e+01 9.864108276367187500e+01 -6.259482574462890625e+01
5.093297576904296875e+01 1.041607131958007812e+02 -6.516018676757812500e+01
6.087111663818359375e+01 1.055851287841796875e+02 -6.413404083251953125e+01
6.708245086669921875e+01 1.022021331787109375e+02 -6.498916625976562500e+01
7.879526519775390625e+01 1.068314971923828125e+02 -5.883229446411132812e+01
9.015313720703125000e+01 1.103925476074218750e+02 -4.891289520263671875e+01
9.352500915527343750e+01 1.176927032470703125e+02 -3.779632949829101562e+01
9.352500915527343750e+01 1.176927032470703125e+02 -3.779632949829101562e+01
8.784606933593750000e+01 1.233903808593750000e+02 -1.727343559265136719e+01
8.429673767089843750e+01 1.237464904785156250e+02 -1.043247222900390625e+01
8.287699890136718750e+01 1.216098556518554688e+02 -3.249458074569702148e+00
7.808539581298828125e+01 1.150219116210937500e+02 7.525061130523681641e+00
7.400366210937500000e+01 1.038046112060546875e+02 1.727343559265136719e+01
7.009938812255859375e+01 9.525808715820312500e+01 2.206211090087890625e+01
6.690498352050781250e+01 8.884819793701171875e+01 2.479849624633789062e+01
6.690498352050781250e+01 8.884819793701171875e+01 2.479849624633789062e+01
5.643444442749023438e+01 7.122100067138671875e+01 2.428542327880859375e+01
5.199777603149414062e+01 5.644264221191406250e+01 2.103596687316894531e+01
4.915830612182617188e+01 5.359380340576171875e+01 1.898367691040039062e+01
4.791603851318359375e+01 7.086489868164062500e+01 2.394337654113769531e+01
5.075550842285156250e+01 1.000655059814453125e+02 2.018084526062011719e+01
5.625697708129882812e+01 1.223220672607421875e+02 2.223314046859741211e+00
5.803164672851562500e+01 1.326491088867187500e+02 -2.343030357360839844e+01
5.803164672851562500e+01 1.326491088867187500e+02 -2.343030357360839844e+01
5.767671203613281250e+01 1.330052185058593750e+02 -3.095536422729492188e+01
5.678937911987304688e+01 1.331832733154296875e+02 -3.625711059570312500e+01
5.874151229858398438e+01 1.312246856689453125e+02 -3.984861755371093750e+01
5.732178115844726562e+01 1.301563720703125000e+02 -4.087476348876953125e+01
5.785417938232421875e+01 1.314027404785156250e+02 -3.762530517578125000e+01
5.803164672851562500e+01 1.322930145263671875e+02 -2.650873756408691406e+01
5.856404876708984375e+01 1.281977996826171875e+02 -6.840963840484619141e+00
5.856404876708984375e+01 1.281977996826171875e+02 -6.840963840484619141e+00
5.874151229858398438e+01 1.208976440429687500e+02 6.327891826629638672e+00
5.785417938232421875e+01 1.100364456176757812e+02 1.505012321472167969e+01
5.714431381225585938e+01 1.125291824340820312e+02 1.607626724243164062e+01
5.643444442749023438e+01 1.246367492675781250e+02 3.420479893684387207e-01
5.536964416503906250e+01 1.314027404785156250e+02 -1.676036262512207031e+01
5.394990921020507812e+01 1.317588500976562500e+02 -2.736385726928710938e+01
4.986817169189453125e+01 1.322930145263671875e+02 -3.266560745239257812e+01
4.986817169189453125e+01 1.322930145263671875e+02 -3.266560745239257812e+01
5.128790664672851562e+01 1.312246856689453125e+02 -3.540199279785156250e+01
4.986817169189453125e+01 1.319369049072265625e+02 -3.677018356323242188e+01
4.969070816040039062e+01 1.314027404785156250e+02 -3.249458312988281250e+01
5.377244186401367188e+01 1.312246856689453125e+02 -1.795753288269042969e+01
5.430484390258789062e+01 1.235684356689453125e+02 3.420479893684387207e-01
5.341751098632812500e+01 1.098583908081054688e+02 1.453705024719238281e+01
5.341751098632812500e+01 9.881913757324218750e+01 2.206211090087890625e+01
5.341751098632812500e+01 9.881913757324218750e+01 2.206211090087890625e+01
5.465977859497070312e+01 8.617740631103515625e+01 2.565361785888671875e+01
5.465977859497070312e+01 7.086489868164062500e+01 2.531156921386718750e+01
5.483724594116210938e+01 6.463305664062500000e+01 2.616668891906738281e+01
5.448231124877929688e+01 6.427695465087890625e+01 2.479849624633789062e+01
5.324004364013671875e+01 6.837216186523437500e+01 2.428542327880859375e+01
5.075550842285156250e+01 7.691867828369140625e+01 2.394337654113769531e+01
5.341751098632812500e+01 7.531620788574218750e+01 2.582464027404785156e+01
5.217524337768554688e+01 7.620646667480468750e+01 2.496952056884765625e+01
5.217524337768554688e+01 7.620646667480468750e+01 2.496952056884765625e+01
5.483724594116210938e+01 8.243830871582031250e+01 2.650873756408691406e+01
5.536964416503906250e+01 9.757276916503906250e+01 2.223313522338867188e+01
5.643444442749023438e+01 1.228562240600585938e+02 4.104578971862792969e+00
5.909644699096679688e+01 1.312246856689453125e+02 -1.864162826538085938e+01
5.945138168334960938e+01 1.315807952880859375e+02 -4.087476348876953125e+01
5.785417938232421875e+01 1.221440124511718750e+02 -5.267542648315429688e+01
5.554711151123046875e+01 1.141316528320312500e+02 -6.139765548706054688e+01
5.554711151123046875e+01 1.141316528320312500e+02 -6.139765548706054688e+01
4.631883621215820312e+01 1.016679763793945312e+02 -6.447608947753906250e+01
