7.080925750732421875e+01 1.123511276245117188e+02 6.481813812255859375e+01
6.956698608398437500e+01 1.153780212402343750e+02 6.464711761474609375e+01
6.956698608398437500e+01 1.153780212402343750e+02 6.464711761474609375e+01
6.992192077636718750e+01 1.135974960327148438e+02 6.464711761474609375e+01
7.045432281494140625e+01 1.127072296142578125e+02 6.516018676757812500e+01
6.938952636718750000e+01 1.127072296142578125e+02 6.550223541259765625e+01
7.009938812255859375e+01 1.130633392333984375e+02 6.447608947753906250e+01
7.009938812255859375e+01 1.130633392333984375e+02 6.447608947753906250e+01
7.080925750732421875e+01 1.119950256347656250e+02 6.516018676757812500e+01
7.027685546875000000e+01 1.121730728149414062e+02 6.498916625976562500e+01
7.080925750732421875e+01 1.105706024169921875e+02 6.447608947753906250e+01
7.205152130126953125e+01 1.093242340087890625e+02 6.362097167968750000e+01
7.205152130126953125e+01 1.093242340087890625e+02 6.362097167968750000e+01
7.276139068603515625e+01 1.096803436279296875e+02 6.259482574462890625e+01
7.418112945556640625e+01 1.100364456176757812e+02 6.498916625976562500e+01
7.489099121093750000e+01 1.086120223999023438e+02 6.464711761474609375e+01
7.418112945556640625e+01 1.086120223999023438e+02 6.362097167968750000e+01
7.418112945556640625e+01 1.086120223999023438e+02 6.362097167968750000e+01
6.992192077636718750e+01 1.089681320190429688e+02 6.430506896972656250e+01
6.743738555908203125e+01 1.107486572265625000e+02 6.362097167968750000e+01
6.619512176513671875e+01 1.098583908081054688e+02 6.413404083251953125e+01
6.140351486206054688e+01 1.096803436279296875e+02 6.293687438964843750e+01
6.140351486206054688e+01 1.096803436279296875e+02 6.293687438964843750e+01
5.909644699096679688e+01 1.091461791992187500e+02 6.344994735717773438e+01
5.164284133911132812e+01 1.084339752197265625e+02 6.071356201171875000e+01
4.685123825073242188e+01 1.078998184204101562e+02 6.122663116455078125e+01
4.152723312377929688e+01 1.032704467773437500e+02 5.883229446411132812e+01
4.152723312377929688e+01 1.032704467773437500e+02 5.883229446411132812e+01
3.318629455566406250e+01 1.023801879882812500e+02 5.729307937622070312e+01
2.857215690612792969e+01 1.005996627807617188e+02 5.250440216064453125e+01
2.324815177917480469e+01 1.002435607910156250e+02 4.634753417968750000e+01
1.863401412963867188e+01 1.016679763793945312e+02 4.019066619873046875e+01
1.863401412963867188e+01 1.016679763793945312e+02 4.019066619873046875e+01
1.721428108215332031e+01 9.953134918212890625e+01 3.711223220825195312e+01
1.810161399841308594e+01 9.970939636230468750e+01 3.865145111083984375e+01
1.987628173828125000e+01 9.828498077392578125e+01 3.899349975585937500e+01
1.863401412963867188e+01 1.005996627807617188e+02 3.848042678833007812e+01
1.863401412963867188e+01 1.005996627807617188e+02 3.848042678833007812e+01
1.668188095092773438e+01 1.007777175903320312e+02 3.488891983032226562e+01
1.579454612731933594e+01 1.020240859985351562e+02 3.061331558227539062e+01
1.650441360473632812e+01 1.009557647705078125e+02 3.095536422729492188e+01
1.863401412963867188e+01 9.668251037597656250e+01 3.711223220825195312e+01
1.863401412963867188e+01 9.668251037597656250e+01 3.711223220825195312e+01
2.307068443298339844e+01 9.329950714111328125e+01 4.344012451171875000e+01
3.176655960083007812e+01 9.027262115478515625e+01 5.113621139526367188e+01
3.922016525268554688e+01 8.956040954589843750e+01 5.626693344116210938e+01
4.560897064208984375e+01 8.813598632812500000e+01 5.900331878662109375e+01
4.560897064208984375e+01 8.813598632812500000e+01 5.900331878662109375e+01
5.075550842285156250e+01 9.116287994384765625e+01 5.985844039916992188e+01
5.838658142089843750e+01 9.134093475341796875e+01 6.242380142211914062e+01
6.584018707275390625e+01 9.383366394042968750e+01 6.208175277709960938e+01
7.151912689208984375e+01 9.418977355957031250e+01 6.139765548706054688e+01
7.151912689208984375e+01 9.418977355957031250e+01 6.139765548706054688e+01
7.861779785156250000e+01 9.454587554931640625e+01 5.900331878662109375e+01
8.465166473388671875e+01 9.347756195068359375e+01 5.729307937622070312e+01
8.944327545166015625e+01 9.472393035888671875e+01 5.370157241821289062e+01
9.387994384765625000e+01 9.881913757324218750e+01 5.045211410522460938e+01
9.387994384765625000e+01 9.881913757324218750e+01 5.045211410522460938e+01
9.884901428222656250e+01 9.739471435546875000e+01 4.532139205932617188e+01
1.029307479858398438e+02 9.650445556640625000e+01 4.172988510131835938e+01
1.043504867553710938e+02 9.721666717529296875e+01 3.694120788574218750e+01
1.096744918823242188e+02 9.864108276367187500e+01 3.112638854980468750e+01
1.096744918823242188e+02 9.864108276367187500e+01 3.112638854980468750e+01
1.096744918823242188e+02 9.721666717529296875e+01 2.257518386840820312e+01
1.119815597534179688e+02 9.597029876708984375e+01 1.522114658355712891e+01
1.110942230224609375e+02 9.151898193359375000e+01 6.156867980957031250e+00
1.080772857666015625e+02 9.098482513427734375e+01 -1.197168946266174316e+00
1.080772857666015625e+02 9.098482513427734375e+01 -1.197168946266174316e+00
1.082547531127929688e+02 9.080677795410156250e+01 -3.762531042098999023e+00
1.043504867553710938e+02 9.365561676025390625e+01 -1.197168827056884766e+01
1.008011474609375000e+02 9.828498077392578125e+01 -1.778650856018066406e+01
9.867154693603515625e+01 1.039826583862304688e+02 -2.154903793334960938e+01
9.867154693603515625e+01 1.039826583862304688e+02 -2.154903793334960938e+01
9.458981323242187500e+01 1.073656539916992188e+02 -2.377235221862792969e+01
8.908834075927734375e+01 1.103925476074218750e+02 -2.599566459655761719e+01
8.482913208007812500e+01 1.118169708251953125e+02 -3.010024452209472656e+01
7.808539581298828125e+01 1.107486572265625000e+02 -3.215253448486328125e+01
7.808539581298828125e+01 1.107486572265625000e+02 -3.215253448486328125e+01
7.258392333984375000e+01 1.116389160156250000e+02 -3.471789550781250000e+01
6.406552124023437500e+01 1.141316528320312500e+02 -3.334970092773437500e+01
5.820911407470703125e+01 1.121730728149414062e+02 -3.317867660522460938e+01
5.164284133911132812e+01 1.137755508422851562e+02 -3.129741287231445312e+01
5.164284133911132812e+01 1.137755508422851562e+02 -3.129741287231445312e+01
4.933577346801757812e+01 1.135974960327148438e+02 -3.044229316711425781e+01
4.418923568725585938e+01 1.127072296142578125e+02 -2.958717155456542969e+01
4.081736755371093750e+01 1.107486572265625000e+02 -2.770590591430664062e+01
3.851029586791992188e+01 1.119950256347656250e+02 -2.719283485412597656e+01
3.851029586791992188e+01 1.119950256347656250e+02 -2.719283485412597656e+01
3.247642517089843750e+01 1.127072296142578125e+02 -2.377235221862792969e+01
2.892708969116210938e+01 1.137755508422851562e+02 -1.864162826538085938e+01
2.466788673400878906e+01 1.127072296142578125e+02 -1.487909793853759766e+01
2.466788673400878906e+01 1.127072296142578125e+02 -1.487909793853759766e+01
1.987628173828125000e+01 1.128852844238281250e+02 -7.525061130523681641e+00
1.739174652099609375e+01 1.107486572265625000e+02 -2.394337892532348633e+00
1.721428108215332031e+01 1.087900772094726562e+02 4.275602817535400391e+00
1.561707878112792969e+01 1.093242340087890625e+02 1.231373596191406250e+01
1.561707878112792969e+01 1.093242340087890625e+02 1.231373596191406250e+01
1.472974491119384766e+01 1.059412384033203125e+02 2.240415954589843750e+01
1.455227947235107422e+01 1.025582427978515625e+02 3.044229316711425781e+01
1.739174652099609375e+01 1.000655059814453125e+02 3.659915924072265625e+01
2.307068443298339844e+01 1.004216079711914062e+02 4.344012451171875000e+01
2.307068443298339844e+01 1.004216079711914062e+02 4.344012451171875000e+01
2.715242195129394531e+01 9.775082397460937500e+01 5.284645080566406250e+01
3.407362747192382812e+01 9.828498077392578125e+01 5.746410369873046875e+01
4.383430099487304688e+01 9.846303558349609375e+01 6.242380142211914062e+01
5.483724594116210938e+01 1.002435607910156250e+02 6.379199600219726562e+01
5.483724594116210938e+01 1.002435607910156250e+02 6.379199600219726562e+01
6.513031768798828125e+01 1.020240859985351562e+02 6.344994735717773438e+01
6.956698608398437500e+01 1.011338195800781250e+02 6.327892303466796875e+01
7.134165954589843750e+01 1.036265563964843750e+02 6.327892303466796875e+01
7.719805908203125000e+01 1.041607131958007812e+02 6.139765548706054688e+01
7.719805908203125000e+01 1.041607131958007812e+02 6.139765548706054688e+01
8.269953155517578125e+01 1.039826583862304688e+02 5.985844039916992188e+01
8.837847137451171875e+01 1.032704467773437500e+02 5.883229446411132812e+01
8.997566986083984375e+01 1.041607131958007812e+02 5.524078750610351562e+01
9.228273773193359375e+01 1.032704467773437500e+02 5.233337783813476562e+01
9.228273773193359375e+01 1.032704467773437500e+02 5.233337783813476562e+01
9.512220764160156250e+01 1.018460311889648438e+02 5.130723571777343750e+01
9.707434844970703125e+01 9.988745117187500000e+01 4.908391952514648438e+01
1.020434188842773438e+02 9.917523956298828125e+01 4.566343688964843750e+01
1.004462127685546875e+02 9.721666717529296875e+01 4.686060714721679688e+01
1.004462127685546875e+02 9.721666717529296875e+01 4.686060714721679688e+01
9.387994384765625000e+01 9.988745117187500000e+01 5.216235351562500000e+01
8.394180297851562500e+01 1.027362899780273438e+02 5.866127014160156250e+01
7.187406158447265625e+01 1.073656539916992188e+02 6.276585006713867188e+01
6.406552124023437500e+01 1.073656539916992188e+02 6.276585006713867188e+01
6.406552124023437500e+01 1.073656539916992188e+02 6.276585006713867188e+01
6.193591690063476562e+01 1.073656539916992188e+02 6.242380142211914062e+01
5.909644699096679688e+01 1.091461791992187500e+02 6.242380142211914062e+01
5.554711151123046875e+01 1.091461791992187500e+02 6.344994735717773438e+01
5.217524337768554688e+01 1.096803436279296875e+02 6.122663116455078125e+01
5.217524337768554688e+01 1.096803436279296875e+02 6.122663116455078125e+01
4.472163772583007812e+01 1.118169708251953125e+02 5.883229446411132812e+01
4.134976577758789062e+01 1.077217636108398438e+02 5.968741607666015625e+01
3.868776321411132812e+01 1.029143447875976562e+02 5.746410369873046875e+01
4.294696807861328125e+01 9.935329437255859375e+01 5.917434310913085938e+01
4.294696807861328125e+01 9.935329437255859375e+01 5.917434310913085938e+01
4.560897064208984375e+01 9.383366394042968750e+01 6.208175277709960938e+01
4.862590408325195312e+01 9.116287994384765625e+01 6.259482574462890625e+01
4.418923568725585938e+01 8.849209594726562500e+01 5.968741607666015625e+01
4.117229843139648438e+01 8.653351593017578125e+01 5.849024581909179688e+01
4.117229843139648438e+01 8.653351593017578125e+01 5.849024581909179688e+01
4.028496551513671875e+01 8.635546112060546875e+01 5.763512802124023438e+01
4.028496551513671875e+01 8.279441070556640625e+01 5.695103073120117188e+01
4.081736755371093750e+01 8.119194030761718750e+01 5.678000640869140625e+01
4.188216781616210938e+01 7.727478790283203125e+01 5.678000640869140625e+01
4.188216781616210938e+01 7.727478790283203125e+01 5.678000640869140625e+01
4.365683364868164062e+01 7.513815307617187500e+01 5.438566970825195312e+01
4.844844055175781250e+01 7.282347106933593750e+01 5.626693344116210938e+01
5.057804107666015625e+01 7.460399627685546875e+01 5.558283615112304688e+01
5.590204620361328125e+01 7.353568267822265625e+01 5.524078750610351562e+01
5.590204620361328125e+01 7.353568267822265625e+01 5.524078750610351562e+01
6.193591690063476562e+01 7.496010589599609375e+01 5.660898208618164062e+01
6.282324981689453125e+01 7.798699188232421875e+01 5.712205505371093750e+01
6.442044830322265625e+01 8.101388549804687500e+01 5.831922149658203125e+01
6.796978759765625000e+01 8.742377471923828125e+01 5.968741607666015625e+01
6.796978759765625000e+01 8.742377471923828125e+01 5.968741607666015625e+01
7.009938812255859375e+01 8.742377471923828125e+01 6.037151336669921875e+01
6.779232025146484375e+01 7.976751708984375000e+01 5.780615234375000000e+01
6.388805007934570312e+01 7.513815307617187500e+01 5.643795776367187500e+01
5.483724594116210938e+01 7.068684387207031250e+01 5.284645080566406250e+01
5.483724594116210938e+01 7.068684387207031250e+01 5.284645080566406250e+01
4.117229843139648438e+01 6.409889984130859375e+01 4.515036773681640625e+01
3.052429199218750000e+01 6.730384826660156250e+01 3.420482254028320312e+01
2.200588417053222656e+01 7.478205108642578125e+01 2.941614723205566406e+01
1.810161399841308594e+01 8.190415191650390625e+01 2.804795455932617188e+01
1.810161399841308594e+01 8.190415191650390625e+01 2.804795455932617188e+01
1.472974491119384766e+01 9.561418914794921875e+01 2.787693023681640625e+01
1.455227947235107422e+01 1.075437088012695312e+02 2.941614723205566406e+01
1.721428108215332031e+01 1.176927032470703125e+02 2.787693023681640625e+01
2.555522155761718750e+01 1.278416976928710938e+02 2.839000320434570312e+01
2.555522155761718750e+01 1.278416976928710938e+02 2.839000320434570312e+01
3.265389251708984375e+01 1.360321044921875000e+02 2.804795455932617188e+01
4.010749816894531250e+01 1.417297973632812500e+02 2.736385726928710938e+01
5.040057373046875000e+01 1.452908325195312500e+02 2.633771324157714844e+01
6.193591690063476562e+01 1.493860473632812500e+02 2.137801361083984375e+01
6.193591690063476562e+01 1.493860473632812500e+02 2.137801361083984375e+01
7.276139068603515625e+01 1.488518829345703125e+02 2.325927925109863281e+01
7.648819732666015625e+01 1.490299377441406250e+02 2.343030357360839844e+01
8.465166473388671875e+01 1.436883697509765625e+02 2.650873756408691406e+01
9.033060455322265625e+01 1.383467864990234375e+02 2.992922019958496094e+01
9.033060455322265625e+01 1.383467864990234375e+02 2.992922019958496094e+01
9.583207702636718750e+01 1.306905364990234375e+02 3.694120788574218750e+01
1.000912780761718750e+02 1.146658096313476562e+02 4.378217315673828125e+01
1.013335494995117188e+02 1.027362899780273438e+02 4.361114883422851562e+01
9.955888366699218750e+01 9.134093475341796875e+01 4.668958282470703125e+01
9.955888366699218750e+01 9.134093475341796875e+01 4.668958282470703125e+01
9.370247650146484375e+01 7.976751708984375000e+01 4.549241256713867188e+01
8.482913208007812500e+01 7.015268707275390625e+01 4.378217315673828125e+01
7.986006164550781250e+01 6.516721343994140625e+01 4.378217315673828125e+01
7.613326263427734375e+01 6.071590423583984375e+01 4.224295425415039062e+01
7.613326263427734375e+01 6.071590423583984375e+01 4.224295425415039062e+01
6.743738555908203125e+01 5.911343002319335938e+01 4.207193374633789062e+01
5.980631637573242188e+01 5.822316741943359375e+01 3.984861755371093750e+01
4.969070816040039062e+01 5.697679901123046875e+01 3.830940246582031250e+01
4.099483489990234375e+01 6.142811203002929688e+01 3.677018356323242188e+01
4.099483489990234375e+01 6.142811203002929688e+01 3.677018356323242188e+01
3.034682464599609375e+01 6.534526824951171875e+01 3.266560745239257812e+01
2.236081886291503906e+01 7.371373748779296875e+01 2.975819587707519531e+01
1.685934638977050781e+01 8.065778350830078125e+01 2.890307617187500000e+01
1.685934638977050781e+01 8.065778350830078125e+01 2.890307617187500000e+01
1.685934638977050781e+01 8.065778350830078125e+01 2.890307617187500000e+01
1.260014343261718750e+01 1.023801879882812500e+02 1.898367691040039062e+01
1.437481117248535156e+01 1.087900772094726562e+02 1.522114658355712891e+01
1.685934638977050781e+01 1.151999664306640625e+02 5.301746845245361328e+00
1.685934638977050781e+01 1.151999664306640625e+02 5.301746845245361328e+00
1.969881629943847656e+01 1.148438644409179688e+02 -3.591506004333496094e+00
2.289321899414062500e+01 1.148438644409179688e+02 -7.696084976196289062e+00
2.644255447387695312e+01 1.109267044067382812e+02 -1.214271163940429688e+01
2.750735473632812500e+01 1.087900772094726562e+02 -1.624729156494140625e+01
2.750735473632812500e+01 1.087900772094726562e+02 -1.624729156494140625e+01
2.945948982238769531e+01 1.096803436279296875e+02 -1.915470123291015625e+01
3.318629455566406250e+01 1.059412384033203125e+02 -2.411440086364746094e+01
3.851029586791992188e+01 1.002435607910156250e+02 -2.616668891906738281e+01
4.436670303344726562e+01 9.401171875000000000e+01 -2.873205184936523438e+01
4.436670303344726562e+01 9.401171875000000000e+01 -2.873205184936523438e+01
4.933577346801757812e+01 9.401171875000000000e+01 -2.975819587707519531e+01
5.501470947265625000e+01 9.365561676025390625e+01 -3.181048583984375000e+01
6.264578247070312500e+01 9.454587554931640625e+01 -3.266560745239257812e+01
6.867965698242187500e+01 9.418977355957031250e+01 -3.163946151733398438e+01
6.867965698242187500e+01 9.418977355957031250e+01 -3.163946151733398438e+01
7.506845855712890625e+01 9.347756195068359375e+01 -3.027126884460449219e+01
7.719805908203125000e+01 9.169703674316406250e+01 -3.061331558227539062e+01
7.808539581298828125e+01 8.938235473632812500e+01 -2.941614723205566406e+01
7.826286315917968750e+01 8.991651153564453125e+01 -3.027126884460449219e+01
7.826286315917968750e+01 8.991651153564453125e+01 -3.027126884460449219e+01
7.311632537841796875e+01 9.757276916503906250e+01 -3.352072525024414062e+01
6.353311920166015625e+01 9.864108276367187500e+01 -3.317867660522460938e+01
5.643444442749023438e+01 9.828498077392578125e+01 -3.317867660522460938e+01
4.578643798828125000e+01 9.935329437255859375e+01 -3.010024452209472656e+01
4.578643798828125000e+01 9.935329437255859375e+01 -3.010024452209472656e+01
3.513842773437500000e+01 1.004216079711914062e+02 -2.531156921386718750e+01
2.697495460510253906e+01 1.029143447875976562e+02 -1.778650856018066406e+01
2.076361656188964844e+01 1.034485015869140625e+02 -8.722229957580566406e+00
1.845654869079589844e+01 1.082559204101562500e+02 0.000000000000000000e+00
1.845654869079589844e+01 1.082559204101562500e+02 0.000000000000000000e+00
1.827908134460449219e+01 1.159121780395507812e+02 5.643795967102050781e+00
1.952134895324707031e+01 1.196512832641601562e+02 1.436602592468261719e+01
2.094108390808105469e+01 1.235684356689453125e+02 2.223313522338867188e+01
2.537775421142578125e+01 1.276636428833007812e+02 3.095536422729492188e+01
2.537775421142578125e+01 1.276636428833007812e+02 3.095536422729492188e+01
3.123415756225585938e+01 1.278416976928710938e+02 3.830940246582031250e+01
3.957509994506835938e+01 1.305124816894531250e+02 4.497934341430664062e+01
4.738363647460937500e+01 1.294441680908203125e+02 5.045211410522460938e+01
5.465977859497070312e+01 1.292661132812500000e+02 5.301747512817382812e+01
5.465977859497070312e+01 1.292661132812500000e+02 5.301747512817382812e+01
6.122604751586914062e+01 1.269514312744140625e+02 5.729307937622070312e+01
6.601765441894531250e+01 1.296222229003906250e+02 5.678000640869140625e+01
6.885712432861328125e+01 1.271294860839843750e+02 5.575386047363281250e+01
7.205152130126953125e+01 1.267733764648437500e+02 5.506976318359375000e+01
7.205152130126953125e+01 1.267733764648437500e+02 5.506976318359375000e+01
7.773046112060546875e+01 1.246367492675781250e+02 5.301747512817382812e+01
7.968259429931640625e+01 1.201854400634765625e+02 5.421464538574218750e+01
8.056993103027343750e+01 1.182268600463867188e+02 5.575386047363281250e+01
8.340940093994140625e+01 1.143097076416015625e+02 5.506976318359375000e+01
8.340940093994140625e+01 1.143097076416015625e+02 5.506976318359375000e+01
9.050807189941406250e+01 1.096803436279296875e+02 5.199132919311523438e+01
9.707434844970703125e+01 1.038046112060546875e+02 4.703163146972656250e+01
1.020434188842773438e+02 9.703861236572265625e+01 4.258500289916992188e+01
1.038180847167968750e+02 9.383366394042968750e+01 3.813837814331054688e+01
1.038180847167968750e+02 9.383366394042968750e+01 3.813837814331054688e+01
1.078998184204101562e+02 9.187509155273437500e+01 2.907409858703613281e+01
1.093195571899414062e+02 8.760182952880859375e+01 2.154903793334960938e+01
1.096744918823242188e+02 8.724572753906250000e+01 1.197168827056884766e+01
1.093195571899414062e+02 8.546520233154296875e+01 3.078433990478515625e+00
1.093195571899414062e+02 8.546520233154296875e+01 3.078433990478515625e+00
1.071899566650390625e+02 8.653351593017578125e+01 -2.052289009094238281e+00
1.061251525878906250e+02 8.582130432128906250e+01 -5.130722999572753906e+00
1.055927505493164062e+02 8.457493591308593750e+01 -9.406326293945312500e+00
9.991381072998046875e+01 8.493104553222656250e+01 -1.248476028442382812e+01
9.991381072998046875e+01 8.493104553222656250e+01 -1.248476028442382812e+01
9.671941375732421875e+01 8.457493591308593750e+01 -1.693138694763183594e+01
8.660380554199218750e+01 8.582130432128906250e+01 -2.565361785888671875e+01
7.311632537841796875e+01 8.831404113769531250e+01 -3.215253448486328125e+01
6.353311920166015625e+01 9.828498077392578125e+01 -3.386277389526367188e+01
6.353311920166015625e+01 9.828498077392578125e+01 -3.386277389526367188e+01
5.430484390258789062e+01 1.039826583862304688e+02 -3.352072525024414062e+01
4.046243286132812500e+01 1.121730728149414062e+02 -3.010024452209472656e+01
3.087922477722167969e+01 1.178707580566406250e+02 -2.154903793334960938e+01
2.324815177917480469e+01 1.198293304443359375e+02 -1.316885662078857422e+01
2.324815177917480469e+01 1.198293304443359375e+02 -1.316885662078857422e+01
2.076361656188964844e+01 1.216098556518554688e+02 -6.327891826629638672e+00
2.094108390808105469e+01 1.210756988525390625e+02 -1.368193030357360840e+00
1.721428108215332031e+01 1.180488052368164062e+02 2.565361976623535156e+00
1.490721225738525391e+01 1.132413864135742188e+02 1.162963962554931641e+01
1.490721225738525391e+01 1.132413864135742188e+02 1.162963962554931641e+01
1.331001091003417969e+01 1.105706024169921875e+02 1.795753288269042969e+01
1.366494464874267578e+01 1.073656539916992188e+02 2.582464027404785156e+01
1.561707878112792969e+01 1.068314971923828125e+02 3.488891983032226562e+01
2.147348403930664062e+01 1.048729248046875000e+02 4.361114883422851562e+01
2.147348403930664062e+01 1.048729248046875000e+02 4.361114883422851562e+01
3.070175743103027344e+01 1.041607131958007812e+02 5.284645080566406250e+01
4.028496551513671875e+01 1.041607131958007812e+02 5.900331878662109375e+01
4.862590408325195312e+01 1.032704467773437500e+02 6.293687438964843750e+01
5.501470947265625000e+01 1.043387680053710938e+02 6.293687438964843750e+01
5.501470947265625000e+01 1.043387680053710938e+02 6.293687438964843750e+01
6.424298858642578125e+01 1.032704467773437500e+02 6.396302032470703125e+01
6.885712432861328125e+01 1.014899215698242188e+02 6.225277709960937500e+01
7.151912689208984375e+01 1.009557647705078125e+02 6.242380142211914062e+01
7.773046112060546875e+01 1.011338195800781250e+02 5.917434310913085938e+01
7.773046112060546875e+01 1.011338195800781250e+02 5.917434310913085938e+01
8.358686828613281250e+01 1.009557647705078125e+02 5.729307937622070312e+01
8.660380554199218750e+01 9.650445556640625000e+01 5.575386047363281250e+01
9.370247650146484375e+01 8.938235473632812500e+01 5.062313842773437500e+01
9.760674285888671875e+01 8.439688873291015625e+01 4.378217315673828125e+01
9.760674285888671875e+01 8.439688873291015625e+01 4.378217315673828125e+01
1.008011474609375000e+02 8.012362670898437500e+01 3.488891983032226562e+01
1.041730194091796875e+02 7.709673309326171875e+01 2.445644760131835938e+01
1.022208862304687500e+02 7.335762786865234375e+01 1.505012226104736328e+01
1.023983459472656250e+02 7.317958068847656250e+01 5.643795967102050781e+00
1.023983459472656250e+02 7.317958068847656250e+01 5.643795967102050781e+00
9.565460968017578125e+01 6.855020904541015625e+01 -3.249458074569702148e+00
8.944327545166015625e+01 6.872826385498046875e+01 -1.060349464416503906e+01
8.269953155517578125e+01 6.908437347412109375e+01 -1.539216995239257812e+01
8.269953155517578125e+01 6.908437347412109375e+01 -1.539216995239257812e+01
7.489099121093750000e+01 6.694773864746093750e+01 -1.710241127014160156e+01
6.690498352050781250e+01 6.534526824951171875e+01 -1.829957962036132812e+01
5.590204620361328125e+01 6.570137023925781250e+01 -2.000982093811035156e+01
4.596390533447265625e+01 6.926242065429687500e+01 -1.864162826538085938e+01
4.596390533447265625e+01 6.926242065429687500e+01 -1.864162826538085938e+01
4.241456604003906250e+01 7.104294586181640625e+01 -1.658933830261230469e+01
3.709056472778320312e+01 7.175515747070312500e+01 -1.522114658355712891e+01
2.928202438354492188e+01 7.567230987548828125e+01 -1.214271163940429688e+01
2.094108390808105469e+01 7.691867828369140625e+01 -1.710240960121154785e+00
2.094108390808105469e+01 7.691867828369140625e+01 -1.710240960121154785e+00
1.739174652099609375e+01 7.798699188232421875e+01 9.577350616455078125e+00
1.827908134460449219e+01 7.353568267822265625e+01 1.727343559265136719e+01
2.378055191040039062e+01 6.801605224609375000e+01 2.702181053161621094e+01
3.212149429321289062e+01 6.534526824951171875e+01 3.677018356323242188e+01
3.212149429321289062e+01 6.534526824951171875e+01 3.677018356323242188e+01
4.294696807861328125e+01 6.338668823242187500e+01 4.651855850219726562e+01
5.075550842285156250e+01 6.694773864746093750e+01 5.130723571777343750e+01
4.986817169189453125e+01 7.211125946044921875e+01 5.558283615112304688e+01
5.465977859497070312e+01 7.798699188232421875e+01 5.917434310913085938e+01
5.465977859497070312e+01 7.798699188232421875e+01 5.917434310913085938e+01
5.980631637573242188e+01 8.350662231445312500e+01 6.002946472167968750e+01
6.619512176513671875e+01 8.386272430419921875e+01 6.310789871215820312e+01
6.992192077636718750e+01 8.867014312744140625e+01 6.259482574462890625e+01
7.471352386474609375e+01 9.240924835205078125e+01 5.968741607666015625e+01
7.471352386474609375e+01 9.240924835205078125e+01 5.968741607666015625e+01
7.826286315917968750e+01 9.454587554931640625e+01 5.900331878662109375e+01
8.447420501708984375e+01 9.579224395751953125e+01 5.643795776367187500e+01
8.873340606689453125e+01 9.508003234863281250e+01 5.541181182861328125e+01
8.997566986083984375e+01 9.632640075683593750e+01 5.182030487060546875e+01
8.997566986083984375e+01 9.632640075683593750e+01 5.182030487060546875e+01
9.192781066894531250e+01 9.970939636230468750e+01 5.130723571777343750e+01
9.334754180908203125e+01 1.004216079711914062e+02 5.062313842773437500e+01
9.352500915527343750e+01 1.030923995971679688e+02 5.011006546020507812e+01
9.370247650146484375e+01 1.025582427978515625e+02 4.993904113769531250e+01
9.370247650146484375e+01 1.025582427978515625e+02 4.993904113769531250e+01
9.405741119384765625e+01 1.018460311889648438e+02 5.028108978271484375e+01
9.565460968017578125e+01 1.016679763793945312e+02 4.737368011474609375e+01
9.867154693603515625e+01 1.032704467773437500e+02 4.515036773681640625e+01
1.018659515380859375e+02 1.057631835937500000e+02 3.967759323120117188e+01
1.018659515380859375e+02 1.057631835937500000e+02 3.967759323120117188e+01
1.078998184204101562e+02 1.100364456176757812e+02 3.249458312988281250e+01
1.098519515991210938e+02 1.084339752197265625e+02 2.753488159179687500e+01
1.100294189453125000e+02 1.061192932128906250e+02 2.018084526062011719e+01
1.132238235473632812e+02 1.086120223999023438e+02 1.368192863464355469e+01
1.132238235473632812e+02 1.086120223999023438e+02 1.368192863464355469e+01
1.114491577148437500e+02 1.075437088012695312e+02 6.498916149139404297e+00
1.102068862915039062e+02 1.077217636108398438e+02 8.551210165023803711e-01
1.096744918823242188e+02 1.075437088012695312e+02 -5.472772121429443359e+00
1.047054214477539062e+02 1.078998184204101562e+02 -1.128759193420410156e+01
1.047054214477539062e+02 1.078998184204101562e+02 -1.128759193420410156e+01
9.973634338378906250e+01 1.089681320190429688e+02 -1.949674987792968750e+01
9.334754180908203125e+01 1.111047592163085938e+02 -2.428542327880859375e+01
8.713619995117187500e+01 1.091461791992187500e+02 -2.821897888183593750e+01
8.376433563232421875e+01 1.103925476074218750e+02 -3.010024452209472656e+01
8.376433563232421875e+01 1.103925476074218750e+02 -3.010024452209472656e+01
8.252206420898437500e+01 1.095022888183593750e+02 -3.095536422729492188e+01
8.003752899169921875e+01 1.059412384033203125e+02 -3.300765228271484375e+01
7.879526519775390625e+01 1.061192932128906250e+02 -3.386277389526367188e+01
7.684313201904296875e+01 1.045168151855468750e+02 -3.266560745239257812e+01
7.684313201904296875e+01 1.045168151855468750e+02 -3.266560745239257812e+01
7.950512695312500000e+01 1.043387680053710938e+02 -3.352072525024414062e+01
8.092486572265625000e+01 1.029143447875976562e+02 -3.215253448486328125e+01
8.358686828613281250e+01 1.005996627807617188e+02 -3.198151016235351562e+01
7.986006164550781250e+01 1.022021331787109375e+02 -3.283663177490234375e+01
7.986006164550781250e+01 1.022021331787109375e+02 -3.283663177490234375e+01
8.003752899169921875e+01 1.055851287841796875e+02 -3.300765228271484375e+01
7.666566467285156250e+01 1.057631835937500000e+02 -3.386277389526367188e+01
7.347126007080078125e+01 1.068314971923828125e+02 -3.454687118530273438e+01
6.743738555908203125e+01 1.082559204101562500e+02 -3.557301712036132812e+01
6.743738555908203125e+01 1.082559204101562500e+02 -3.557301712036132812e+01
6.175844955444335938e+01 1.086120223999023438e+02 -3.591506576538085938e+01
5.377244186401367188e+01 1.116389160156250000e+02 -3.505994415283203125e+01
4.756110382080078125e+01 1.135974960327148438e+02 -3.283663177490234375e+01
4.365683364868164062e+01 1.135974960327148438e+02 -3.112638854980468750e+01
4.365683364868164062e+01 1.135974960327148438e+02 -3.112638854980468750e+01
4.205963516235351562e+01 1.119950256347656250e+02 -2.992922019958496094e+01
3.886523056030273438e+01 1.098583908081054688e+02 -3.061331558227539062e+01
3.496096038818359375e+01 1.070095520019531250e+02 -2.548259353637695312e+01
2.555522155761718750e+01 1.007777175903320312e+02 -1.847060394287109375e+01
2.555522155761718750e+01 1.007777175903320312e+02 -1.847060394287109375e+01
2.094108390808105469e+01 8.938235473632812500e+01 -1.026144695281982422e+01
2.129601669311523438e+01 8.297246551513671875e+01 -5.472772121429443359e+00
2.111855125427246094e+01 7.496010589599609375e+01 5.130720138549804688e-01
2.431295204162597656e+01 6.926242065429687500e+01 9.748374938964843750e+00
2.431295204162597656e+01 6.926242065429687500e+01 9.748374938964843750e+00
2.484535408020019531e+01 6.481111145019531250e+01 1.744445991516113281e+01
3.442856216430664062e+01 6.018174362182617188e+01 2.496952056884765625e+01
3.975256347656250000e+01 5.804511642456054688e+01 3.215253448486328125e+01
4.880337142944335938e+01 5.537432861328125000e+01 3.437584686279296875e+01
4.880337142944335938e+01 5.537432861328125000e+01 3.437584686279296875e+01
5.465977859497070312e+01 5.484017181396484375e+01 3.591506576538085938e+01
5.838658142089843750e+01 5.537432861328125000e+01 3.882247543334960938e+01
6.495285034179687500e+01 5.590848541259765625e+01 3.694120788574218750e+01
7.063179016113281250e+01 5.626459121704101562e+01 3.557301712036132812e+01
7.063179016113281250e+01 5.626459121704101562e+01 3.557301712036132812e+01
7.418112945556640625e+01 5.697679901123046875e+01 3.488891983032226562e+01
7.560086059570312500e+01 5.697679901123046875e+01 3.249458312988281250e+01
7.524592590332031250e+01 5.840121841430664062e+01 3.317867660522460938e+01
7.347126007080078125e+01 5.733290481567382812e+01 3.317867660522460938e+01
7.347126007080078125e+01 5.733290481567382812e+01 3.317867660522460938e+01
7.276139068603515625e+01 5.590848541259765625e+01 3.317867660522460938e+01
7.240645599365234375e+01 5.662069320678710938e+01 3.215253448486328125e+01
7.205152130126953125e+01 5.626459121704101562e+01 2.736385726928710938e+01
7.222898864746093750e+01 5.501822280883789062e+01 2.582464027404785156e+01
7.222898864746093750e+01 5.501822280883789062e+01 2.582464027404785156e+01
7.311632537841796875e+01 5.555237960815429688e+01 2.223313522338867188e+01
7.205152130126953125e+01 5.412796020507812500e+01 2.120698928833007812e+01
7.364872741699218750e+01 5.466211700439453125e+01 1.727343559265136719e+01
7.453605651855468750e+01 5.412796020507812500e+01 1.333988094329833984e+01
7.453605651855468750e+01 5.412796020507812500e+01 1.333988094329833984e+01
7.418112945556640625e+01 5.341574859619140625e+01 9.235301971435546875e+00
7.311632537841796875e+01 5.519627380371093750e+01 4.104578971862792969e+00
6.992192077636718750e+01 5.733290481567382812e+01 -2.736386060714721680e+00
6.992192077636718750e+01 5.733290481567382812e+01 -2.736386060714721680e+00
6.796978759765625000e+01 5.964758682250976562e+01 -8.038133621215820312e+00
6.761485290527343750e+01 6.392084884643554688e+01 -1.522114658355712891e+01
6.477538299560546875e+01 6.890631866455078125e+01 -2.137801361083984375e+01
5.980631637573242188e+01 7.424789428710937500e+01 -2.650873756408691406e+01
5.980631637573242188e+01 7.424789428710937500e+01 -2.650873756408691406e+01
5.590204620361328125e+01 7.994557189941406250e+01 -2.924512290954589844e+01
5.199777603149414062e+01 8.172609710693359375e+01 -2.924512290954589844e+01
4.685123825073242188e+01 8.867014312744140625e+01 -2.941614723205566406e+01
4.525403594970703125e+01 8.920429992675781250e+01 -2.890307617187500000e+01
4.525403594970703125e+01 8.920429992675781250e+01 -2.890307617187500000e+01
4.578643798828125000e+01 9.045066833496093750e+01 -2.907409858703613281e+01
4.330190277099609375e+01 9.116287994384765625e+01 -2.839000320434570312e+01
4.170470046997070312e+01 9.062872314453125000e+01 -2.753488159179687500e+01
3.709056472778320312e+01 8.956040954589843750e+01 -2.548259353637695312e+01
3.709056472778320312e+01 8.956040954589843750e+01 -2.548259353637695312e+01
3.407362747192382812e+01 9.187509155273437500e+01 -2.428542327880859375e+01
3.158909225463867188e+01 8.973845672607421875e+01 -2.018084526062011719e+01
2.271575164794921875e+01 8.938235473632812500e+01 -1.197168827056884766e+01
1.898894882202148438e+01 8.777988433837890625e+01 -3.249458074569702148e+00
1.898894882202148438e+01 8.777988433837890625e+01 -3.249458074569702148e+00
1.739174652099609375e+01 8.653351593017578125e+01 5.814819812774658203e+00
1.614947891235351562e+01 8.457493591308593750e+01 1.282680892944335938e+01
1.632694625854492188e+01 8.404077911376953125e+01 2.291723060607910156e+01
2.076361656188964844e+01 7.923336029052734375e+01 3.095536422729492188e+01
2.076361656188964844e+01 7.923336029052734375e+01 3.095536422729492188e+01
2.395801925659179688e+01 7.496010589599609375e+01 3.574404144287109375e+01
2.803975677490234375e+01 7.478205108642578125e+01 4.070373916625976562e+01
2.999188995361328125e+01 7.460399627685546875e+01 4.463729476928710938e+01
3.460602951049804688e+01 7.139905548095703125e+01 4.703163146972656250e+01
3.460602951049804688e+01 7.139905548095703125e+01 4.703163146972656250e+01
3.691309738159179688e+01 7.193321228027343750e+01 4.651855850219726562e+01
3.780043029785156250e+01 6.961853027343750000e+01 4.737368011474609375e+01
3.762296295166015625e+01 7.015268707275390625e+01 4.754470443725585938e+01
3.939763259887695312e+01 7.015268707275390625e+01 4.754470443725585938e+01
3.939763259887695312e+01 7.015268707275390625e+01 4.754470443725585938e+01
4.365683364868164062e+01 6.944047546386718750e+01 4.925494384765625000e+01
4.312443542480468750e+01 7.104294586181640625e+01 5.045211410522460938e+01
4.454417037963867188e+01 7.353568267822265625e+01 5.284645080566406250e+01
4.259203338623046875e+01 7.513815307617187500e+01 5.472771453857421875e+01
4.259203338623046875e+01 7.513815307617187500e+01 5.472771453857421875e+01
3.993003082275390625e+01 8.136999511718750000e+01 5.592488479614257812e+01
3.602576065063476562e+01 8.457493591308593750e+01 5.353054809570312500e+01
3.176655960083007812e+01 8.742377471923828125e+01 5.284645080566406250e+01
2.857215690612792969e+01 8.956040954589843750e+01 5.011006546020507812e+01
2.857215690612792969e+01 8.956040954589843750e+01 5.011006546020507812e+01
2.626508712768554688e+01 9.116287994384765625e+01 4.686060714721679688e+01
2.395801925659179688e+01 9.240924835205078125e+01 4.600548553466796875e+01
2.484535408020019531e+01 9.187509155273437500e+01 4.549241256713867188e+01
2.555522155761718750e+01 9.151898193359375000e+01 4.515036773681640625e+01
2.555522155761718750e+01 9.151898193359375000e+01 4.515036773681640625e+01
2.484535408020019531e+01 8.831404113769531250e+01 4.617650985717773438e+01
2.537775421142578125e+01 9.027262115478515625e+01 4.532139205932617188e+01
2.324815177917480469e+01 9.205313873291015625e+01 4.292705154418945312e+01
1.863401412963867188e+01 9.632640075683593750e+01 3.813837814331054688e+01
1.863401412963867188e+01 9.632640075683593750e+01 3.813837814331054688e+01
1.721428108215332031e+01 9.668251037597656250e+01 3.300765228271484375e+01
1.455227947235107422e+01 9.970939636230468750e+01 2.702181053161621094e+01
1.419734477996826172e+01 9.543614196777343750e+01 2.018084526062011719e+01
1.419734477996826172e+01 9.080677795410156250e+01 1.094554328918457031e+01
1.419734477996826172e+01 9.080677795410156250e+01 1.094554328918457031e+01
1.756921386718750000e+01 8.599935913085937500e+01 1.710239946842193604e-01
2.732988929748535156e+01 8.083583831787109375e+01 -1.162963962554931641e+01
3.584829711914062500e+01 8.154804229736328125e+01 -1.881265258789062500e+01
4.223710250854492188e+01 8.582130432128906250e+01 -2.496952056884765625e+01
4.223710250854492188e+01 8.582130432128906250e+01 -2.496952056884765625e+01
4.756110382080078125e+01 9.009456634521484375e+01 -2.941614723205566406e+01
5.820911407470703125e+01 9.258730316162109375e+01 -3.146843719482421875e+01
6.708245086669921875e+01 9.579224395751953125e+01 -3.146843719482421875e+01
7.364872741699218750e+01 9.490198516845703125e+01 -3.095536422729492188e+01
7.364872741699218750e+01 9.490198516845703125e+01 -3.095536422729492188e+01
7.719805908203125000e+01 9.098482513427734375e+01 -3.163946151733398438e+01
7.986006164550781250e+01 8.831404113769531250e+01 -2.907409858703613281e+01
8.163473510742187500e+01 8.510909271240234375e+01 -2.839000320434570312e+01
8.198966979980468750e+01 8.546520233154296875e+01 -2.633771324157714844e+01
8.198966979980468750e+01 8.546520233154296875e+01 -2.633771324157714844e+01
7.702059173583984375e+01 8.475299072265625000e+01 -2.702181053161621094e+01
7.453605651855468750e+01 8.083583831787109375e+01 -2.531156921386718750e+01
7.790792846679687500e+01 7.852114868164062500e+01 -2.548259353637695312e+01
7.861779785156250000e+01 7.139905548095703125e+01 -1.864162826538085938e+01
7.861779785156250000e+01 7.139905548095703125e+01 -1.864162826538085938e+01
8.021499633789062500e+01 6.623552703857421875e+01 -1.197168827056884766e+01
7.950512695312500000e+01 6.160616683959960938e+01 -5.814819812774658203e+00
7.861779785156250000e+01 5.644264221191406250e+01 1.710239946842193604e-01
7.276139068603515625e+01 5.412796020507812500e+01 7.525061130523681641e+00
7.276139068603515625e+01 5.412796020507812500e+01 7.525061130523681641e+00
7.258392333984375000e+01 5.323769760131835938e+01 1.385295295715332031e+01
6.743738555908203125e+01 5.163522338867187500e+01 1.812855529785156250e+01
6.335565185546875000e+01 5.145717239379882812e+01 2.411440086364746094e+01
6.406552124023437500e+01 5.252548599243164062e+01 3.095536422729492188e+01
6.406552124023437500e+01 5.252548599243164062e+01 3.095536422729492188e+01
5.962884902954101562e+01 5.555237960815429688e+01 3.420482254028320312e+01
5.803164672851562500e+01 5.608653640747070312e+01 3.848042678833007812e+01
5.785417938232421875e+01 5.590848541259765625e+01 3.967759323120117188e+01
5.430484390258789062e+01 5.626459121704101562e+01 3.865145111083984375e+01
5.430484390258789062e+01 5.626459121704101562e+01 3.865145111083984375e+01
5.288510894775390625e+01 5.555237960815429688e+01 3.625711059570312500e+01
5.235271072387695312e+01 5.501822280883789062e+01 3.403379821777343750e+01
4.649630355834960938e+01 5.519627380371093750e+01 3.044229316711425781e+01
3.780043029785156250e+01 5.786706161499023438e+01 2.206211090087890625e+01
3.780043029785156250e+01 5.786706161499023438e+01 2.206211090087890625e+01
3.513842773437500000e+01 5.946953582763671875e+01 1.333988094329833984e+01
3.354122543334960938e+01 6.000369262695312500e+01 5.643795967102050781e+00
3.354122543334960938e+01 6.463305664062500000e+01 -1.881265044212341309e+00
3.815536499023437500e+01 6.641358184814453125e+01 -9.406326293945312500e+00
3.815536499023437500e+01 6.641358184814453125e+01 -9.406326293945312500e+00
4.578643798828125000e+01 6.837216186523437500e+01 -1.710241127014160156e+01
4.880337142944335938e+01 7.139905548095703125e+01 -2.206211090087890625e+01
5.217524337768554688e+01 7.371373748779296875e+01 -2.257518386840820312e+01
5.217524337768554688e+01 7.371373748779296875e+01 -2.257518386840820312e+01
5.732178115844726562e+01 7.424789428710937500e+01 -2.411440086364746094e+01
6.229085159301757812e+01 7.531620788574218750e+01 -2.514054489135742188e+01
6.601765441894531250e+01 7.727478790283203125e+01 -2.565361785888671875e+01
6.690498352050781250e+01 8.065778350830078125e+01 -2.787693023681640625e+01
6.690498352050781250e+01 8.065778350830078125e+01 -2.787693023681640625e+01
6.992192077636718750e+01 8.297246551513671875e+01 -2.941614723205566406e+01
7.382619476318359375e+01 8.510909271240234375e+01 -2.907409858703613281e+01
7.435859680175781250e+01 8.208219909667968750e+01 -2.958717155456542969e+01
7.542339324951171875e+01 8.208219909667968750e+01 -2.821897888183593750e+01
7.542339324951171875e+01 8.208219909667968750e+01 -2.821897888183593750e+01
7.453605651855468750e+01 8.083583831787109375e+01 -2.839000320434570312e+01
7.453605651855468750e+01 8.119194030761718750e+01 -2.599566459655761719e+01
7.542339324951171875e+01 7.709673309326171875e+01 -2.514054489135742188e+01
7.276139068603515625e+01 7.478205108642578125e+01 -2.394337654113769531e+01
7.276139068603515625e+01 7.478205108642578125e+01 -2.394337654113769531e+01
7.684313201904296875e+01 7.211125946044921875e+01 -2.137801361083984375e+01
8.447420501708984375e+01 6.837216186523437500e+01 -1.470807361602783203e+01
8.766860198974609375e+01 6.516721343994140625e+01 -7.183012962341308594e+00
8.376433563232421875e+01 6.053784942626953125e+01 -6.840959787368774414e-01
8.376433563232421875e+01 6.053784942626953125e+01 -6.840959787368774414e-01
8.589393615722656250e+01 5.875732421875000000e+01 7.183012962341308594e+00
8.500659942626953125e+01 5.857927322387695312e+01 1.693138694763183594e+01
8.323193359375000000e+01 5.679874801635742188e+01 2.821897888183593750e+01
8.021499633789062500e+01 5.911343002319335938e+01 3.591506576538085938e+01
8.021499633789062500e+01 5.911343002319335938e+01 3.591506576538085938e+01
7.613326263427734375e+01 6.071590423583984375e+01 4.326910018920898438e+01
7.098672485351562500e+01 6.089395523071289062e+01 4.515036773681640625e+01
6.850218963623046875e+01 6.089395523071289062e+01 4.480831909179687500e+01
6.353311920166015625e+01 6.053784942626953125e+01 4.686060714721679688e+01
6.353311920166015625e+01 6.053784942626953125e+01 4.686060714721679688e+01
5.945138168334960938e+01 6.107200622558593750e+01 4.805777740478515625e+01
5.306257629394531250e+01 6.214032363891601562e+01 4.566343688964843750e+01
4.614136886596679688e+01 6.409889984130859375e+01 4.857084655761718750e+01
4.205963516235351562e+01 6.320863723754882812e+01 4.497934341430664062e+01
4.205963516235351562e+01 6.320863723754882812e+01 4.497934341430664062e+01
3.655816268920898438e+01 6.445500183105468750e+01 4.275602722167968750e+01
3.087922477722167969e+01 6.659163665771484375e+01 3.728325653076171875e+01
2.644255447387695312e+01 6.783800506591796875e+01 3.198151016235351562e+01
2.413548660278320312e+01 6.801605224609375000e+01 2.428542327880859375e+01
2.413548660278320312e+01 6.801605224609375000e+01 2.428542327880859375e+01
2.200588417053222656e+01 7.122100067138671875e+01 1.641831588745117188e+01
2.271575164794921875e+01 7.264541625976562500e+01 8.209157943725585938e+00
2.271575164794921875e+01 7.335762786865234375e+01 3.420479893684387207e-01
2.591015434265136719e+01 7.620646667480468750e+01 -5.814819812774658203e+00
2.591015434265136719e+01 7.620646667480468750e+01 -5.814819812774658203e+00
3.070175743103027344e+01 7.887725830078125000e+01 -1.453704929351806641e+01
3.975256347656250000e+01 8.190415191650390625e+01 -2.154903793334960938e+01
4.933577346801757812e+01 7.941141510009765625e+01 -2.565361785888671875e+01
5.749924468994140625e+01 7.656257629394531250e+01 -2.736385726928710938e+01
5.749924468994140625e+01 7.656257629394531250e+01 -2.736385726928710938e+01
6.069364929199218750e+01 7.727478790283203125e+01 -2.565361785888671875e+01
6.317818450927734375e+01 7.335762786865234375e+01 -2.428542327880859375e+01
6.619512176513671875e+01 6.890631866455078125e+01 -1.932572555541992188e+01
6.796978759765625000e+01 6.748189544677734375e+01 -1.829957962036132812e+01
6.796978759765625000e+01 6.748189544677734375e+01 -1.829957962036132812e+01
6.655005645751953125e+01 6.392084884643554688e+01 -1.556319427490234375e+01
6.690498352050781250e+01 6.107200622558593750e+01 -1.316885662078857422e+01
6.690498352050781250e+01 5.822316741943359375e+01 -8.380181312561035156e+00
6.655005645751953125e+01 5.394990921020507812e+01 -8.551210165023803711e-01
6.655005645751953125e+01 5.394990921020507812e+01 -8.551210165023803711e-01
6.300071716308593750e+01 5.181327819824218750e+01 6.669939994812011719e+00
6.353311920166015625e+01 5.199132919311523438e+01 1.436602592468261719e+01
6.353311920166015625e+01 5.056690979003906250e+01 2.189108657836914062e+01
6.335565185546875000e+01 5.359380340576171875e+01 3.095536422729492188e+01
6.335565185546875000e+01 5.359380340576171875e+01 3.095536422729492188e+01
6.264578247070312500e+01 5.430601119995117188e+01 3.950656890869140625e+01
6.193591690063476562e+01 6.071590423583984375e+01 4.566343688964843750e+01
5.785417938232421875e+01 6.481111145019531250e+01 5.062313842773437500e+01
5.483724594116210938e+01 6.855020904541015625e+01 5.318849945068359375e+01
5.483724594116210938e+01 6.855020904541015625e+01 5.318849945068359375e+01
5.146537399291992188e+01 7.228931427001953125e+01 5.643795776367187500e+01
5.146537399291992188e+01 7.371373748779296875e+01 5.746410369873046875e+01
5.040057373046875000e+01 7.620646667480468750e+01 5.678000640869140625e+01
4.685123825073242188e+01 7.869920349121093750e+01 6.020048904418945312e+01
4.685123825073242188e+01 7.869920349121093750e+01 6.020048904418945312e+01
4.312443542480468750e+01 7.852114868164062500e+01 5.763512802124023438e+01
3.815536499023437500e+01 7.780894470214843750e+01 5.524078750610351562e+01
3.229895782470703125e+01 7.335762786865234375e+01 4.754470443725585938e+01
2.537775421142578125e+01 7.496010589599609375e+01 4.087476348876953125e+01
2.537775421142578125e+01 7.496010589599609375e+01 4.087476348876953125e+01
2.289321899414062500e+01 7.567230987548828125e+01 3.300765228271484375e+01
1.863401412963867188e+01 7.638452148437500000e+01 2.514054489135742188e+01
1.703681373596191406e+01 7.691867828369140625e+01 1.436602592468261719e+01
1.721428108215332031e+01 7.887725830078125000e+01 5.643795967102050781e+00
1.721428108215332031e+01 7.887725830078125000e+01 5.643795967102050781e+00
2.040868377685546875e+01 7.958946990966796875e+01 -5.130720138549804688e-01
2.076361656188964844e+01 8.386272430419921875e+01 -7.011989116668701172e+00
2.928202438354492188e+01 8.386272430419921875e+01 -1.556319427490234375e+01
3.762296295166015625e+01 8.297246551513671875e+01 -2.120698928833007812e+01
3.762296295166015625e+01 8.297246551513671875e+01 -2.120698928833007812e+01
4.472163772583007812e+01 8.546520233154296875e+01 -2.667976188659667969e+01
4.862590408325195312e+01 8.226025390625000000e+01 -2.667976188659667969e+01
5.501470947265625000e+01 8.012362670898437500e+01 -2.736385726928710938e+01
6.388805007934570312e+01 7.691867828369140625e+01 -2.667976188659667969e+01
6.388805007934570312e+01 7.691867828369140625e+01 -2.667976188659667969e+01
6.229085159301757812e+01 8.030167388916015625e+01 -2.890307617187500000e+01
6.406552124023437500e+01 7.958946990966796875e+01 -2.753488159179687500e+01
6.921205902099609375e+01 7.976751708984375000e+01 -2.667976188659667969e+01
7.134165954589843750e+01 7.798699188232421875e+01 -2.702181053161621094e+01
7.134165954589843750e+01 7.798699188232421875e+01 -2.702181053161621094e+01
7.648819732666015625e+01 7.674063110351562500e+01 -2.479849624633789062e+01
8.695874023437500000e+01 7.228931427001953125e+01 -1.641831588745117188e+01
9.334754180908203125e+01 7.015268707275390625e+01 -5.814819812774658203e+00
9.636447906494140625e+01 6.676968383789062500e+01 1.881265044212341309e+00
9.636447906494140625e+01 6.676968383789062500e+01 1.881265044212341309e+00
9.849407958984375000e+01 6.783800506591796875e+01 1.624729156494140625e+01
9.796167755126953125e+01 6.944047546386718750e+01 3.112638854980468750e+01
9.405741119384765625e+01 7.478205108642578125e+01 4.344012451171875000e+01
8.766860198974609375e+01 7.869920349121093750e+01 5.164928054809570312e+01
8.766860198974609375e+01 7.869920349121093750e+01 5.164928054809570312e+01
7.986006164550781250e+01 8.190415191650390625e+01 5.746410369873046875e+01
7.347126007080078125e+01 8.617740631103515625e+01 6.122663116455078125e+01
7.240645599365234375e+01 9.151898193359375000e+01 6.362097167968750000e+01
6.921205902099609375e+01 9.508003234863281250e+01 6.293687438964843750e+01
6.921205902099609375e+01 9.508003234863281250e+01 6.293687438964843750e+01
6.406552124023437500e+01 1.030923995971679688e+02 6.379199600219726562e+01
5.820911407470703125e+01 1.096803436279296875e+02 6.293687438964843750e+01
5.377244186401367188e+01 1.141316528320312500e+02 6.105560684204101562e+01
5.377244186401367188e+01 1.141316528320312500e+02 6.105560684204101562e+01
4.347937011718750000e+01 1.091461791992187500e+02 6.002946472167968750e+01
3.513842773437500000e+01 9.970939636230468750e+01 5.678000640869140625e+01
3.034682464599609375e+01 9.347756195068359375e+01 5.216235351562500000e+01
2.874962234497070312e+01 8.261636352539062500e+01 4.822880172729492188e+01
2.874962234497070312e+01 8.261636352539062500e+01 4.822880172729492188e+01
2.608762168884277344e+01 7.496010589599609375e+01 4.121681213378906250e+01
2.750735473632812500e+01 6.712579345703125000e+01 3.334970092773437500e+01
2.928202438354492188e+01 6.249642562866210938e+01 2.445644760131835938e+01
3.478349304199218750e+01 5.768901062011718750e+01 1.402397727966308594e+01
3.478349304199218750e+01 5.768901062011718750e+01 1.402397727966308594e+01
4.063990020751953125e+01 5.537432861328125000e+01 7.354036808013916016e+00
4.756110382080078125e+01 5.804511642456054688e+01 -1.710240960121154785e+00
4.969070816040039062e+01 5.768901062011718750e+01 -8.551205635070800781e+00
5.288510894775390625e+01 6.125006103515625000e+01 -1.265578460693359375e+01
5.288510894775390625e+01 6.125006103515625000e+01 -1.265578460693359375e+01
5.785417938232421875e+01 6.694773864746093750e+01 -1.710241127014160156e+01
6.033871459960937500e+01 7.086489868164062500e+01 -2.462747192382812500e+01
5.838658142089843750e+01 8.136999511718750000e+01 -2.992922019958496094e+01
5.678937911987304688e+01 9.187509155273437500e+01 -3.215253448486328125e+01
5.678937911987304688e+01 9.187509155273437500e+01 -3.215253448486328125e+01
5.288510894775390625e+01 1.036265563964843750e+02 -3.352072525024414062e+01
5.040057373046875000e+01 1.164463348388671875e+02 -2.975819587707519531e+01
4.933577346801757812e+01 1.271294860839843750e+02 -2.496952056884765625e+01
4.525403594970703125e+01 1.358540649414062500e+02 -1.351090526580810547e+01
4.525403594970703125e+01 1.358540649414062500e+02 -1.351090526580810547e+01
3.922016525268554688e+01 1.411956329345703125e+02 1.881265044212341309e+00
3.354122543334960938e+01 1.390590057373046875e+02 1.658933830261230469e+01
2.662002182006835938e+01 1.317588500976562500e+02 2.873205184936523438e+01
2.732988929748535156e+01 1.228562240600585938e+02 3.728325653076171875e+01
2.732988929748535156e+01 1.228562240600585938e+02 3.728325653076171875e+01
2.715242195129394531e+01 1.144877548217773438e+02 4.532139205932617188e+01
3.052429199218750000e+01 1.086120223999023438e+02 5.062313842773437500e+01
3.478349304199218750e+01 1.007777175903320312e+02 5.541181182861328125e+01
3.567082977294921875e+01 9.312145996093750000e+01 5.592488479614257812e+01
3.567082977294921875e+01 9.312145996093750000e+01 5.592488479614257812e+01
3.620322799682617188e+01 8.475299072265625000e+01 5.575386047363281250e+01
3.833283233642578125e+01 7.585036468505859375e+01 5.267542648315429688e+01
3.975256347656250000e+01 6.979657745361328125e+01 4.891289520263671875e+01
4.010749816894531250e+01 6.231837463378906250e+01 4.172988510131835938e+01
4.010749816894531250e+01 6.231837463378906250e+01 4.172988510131835938e+01
3.602576065063476562e+01 5.857927322387695312e+01 2.890307617187500000e+01
3.975256347656250000e+01 5.768901062011718750e+01 1.641831588745117188e+01
4.418923568725585938e+01 5.644264221191406250e+01 4.275602817535400391e+00
