0.000000000000000000e+00 0.000000000000000000e+00 0.000000000000000000e+00
6.903500366210937500e+01 9.846299743652343750e+01 5.216199874877929688e+01
6.903500366210937500e+01 9.846299743652343750e+01 5.216199874877929688e+01
6.850199890136718750e+01 9.828500366210937500e+01 5.199100112915039062e+01
6.726000213623046875e+01 9.988700103759765625e+01 5.216199874877929688e+01
6.797000122070312500e+01 1.005999984741210938e+02 5.284600067138671875e+01
6.921199798583984375e+01 9.899700164794921875e+01 5.233300018310546875e+01
6.921199798583984375e+01 9.899700164794921875e+01 5.233300018310546875e+01
7.258399963378906250e+01 9.739499664306640625e+01 5.284600067138671875e+01
7.382599639892578125e+01 9.828500366210937500e+01 5.028099822998046875e+01
7.861799621582031250e+01 9.703900146484375000e+01 5.011000061035156250e+01
7.986000061035156250e+01 9.757299804687500000e+01 5.028099822998046875e+01
7.986000061035156250e+01 9.757299804687500000e+01 5.028099822998046875e+01
7.915000152587890625e+01 9.899700164794921875e+01 4.754499816894531250e+01
8.376399993896484375e+01 9.792900085449218750e+01 4.515000152587890625e+01
8.642600250244140625e+01 9.775099945068359375e+01 4.292699813842773438e+01
8.944300079345703125e+01 9.721700286865234375e+01 4.036199951171875000e+01
8.944300079345703125e+01 9.721700286865234375e+01 4.036199951171875000e+01
9.334799957275390625e+01 9.650399780273437500e+01 3.591500091552734375e+01
9.707399749755859375e+01 9.561399841308593750e+01 3.300799942016601562e+01
9.884899902343750000e+01 9.419000244140625000e+01 3.061300086975097656e+01
1.000910034179687500e+02 9.330000305175781250e+01 2.599600028991699219e+01
1.000910034179687500e+02 9.330000305175781250e+01 2.599600028991699219e+01
1.032860031127929688e+02 9.294300079345703125e+01 2.223299980163574219e+01
1.039960021972656250e+02 9.009500122070312500e+01 1.881299972534179688e+01
1.034629974365234375e+02 9.062899780273437500e+01 1.966799926757812500e+01
1.036409988403320312e+02 9.080699920654296875e+01 1.881299972534179688e+01
1.036409988403320312e+02 9.080699920654296875e+01 1.881299972534179688e+01
1.050599975585937500e+02 9.009500122070312500e+01 1.744400024414062500e+01
1.057699966430664062e+02 9.009500122070312500e+01 1.470800018310546875e+01
1.064800033569335938e+02 9.080699920654296875e+01 9.234999656677246094e+00
1.064800033569335938e+02 9.080699920654296875e+01 9.234999656677246094e+00
1.064800033569335938e+02 8.760199737548828125e+01 6.840000152587890625e-01
1.034629974365234375e+02 8.742400360107421875e+01 -7.012000083923339844e+00
1.027529983520507812e+02 8.599900054931640625e+01 -1.282699966430664062e+01
9.884899902343750000e+01 8.671199798583984375e+01 -1.932600021362304688e+01
9.884899902343750000e+01 8.671199798583984375e+01 -1.932600021362304688e+01
9.671900177001953125e+01 8.421900177001953125e+01 -2.137800025939941406e+01
9.405699920654296875e+01 8.475299835205078125e+01 -2.462700080871582031e+01
9.228299713134765625e+01 8.439700317382812500e+01 -2.702199935913085938e+01
9.086299896240234375e+01 8.297200012207031250e+01 -2.736400032043457031e+01
9.086299896240234375e+01 8.297200012207031250e+01 -2.736400032043457031e+01
9.192800140380859375e+01 8.226000213623046875e+01 -2.804800033569335938e+01
9.104000091552734375e+01 8.350700378417968750e+01 -2.856100082397460938e+01
9.121800231933593750e+01 8.048000335693359375e+01 -2.975799942016601562e+01
8.926599884033203125e+01 8.137000274658203125e+01 -2.890299987792968750e+01
8.926599884033203125e+01 8.137000274658203125e+01 -2.890299987792968750e+01
8.962100219726562500e+01 7.958899688720703125e+01 -2.924500083923339844e+01
8.820099639892578125e+01 7.852100372314453125e+01 -2.992900085449218750e+01
8.607099914550781250e+01 7.923300170898437500e+01 -3.095499992370605469e+01
8.305400085449218750e+01 8.012400054931640625e+01 -3.386299896240234375e+01
8.305400085449218750e+01 8.012400054931640625e+01 -3.386299896240234375e+01
7.435900115966796875e+01 8.172599792480468750e+01 -3.813800048828125000e+01
6.530799865722656250e+01 8.439700317382812500e+01 -3.865100097656250000e+01
5.891899871826171875e+01 8.439700317382812500e+01 -4.002000045776367188e+01
5.412699890136718750e+01 8.386299896240234375e+01 -3.916500091552734375e+01
5.412699890136718750e+01 8.386299896240234375e+01 -3.916500091552734375e+01
4.791600036621093750e+01 8.582099914550781250e+01 -3.659899902343750000e+01
3.904299926757812500e+01 8.688999938964843750e+01 -3.352099990844726562e+01
3.336399841308593750e+01 8.724600219726562500e+01 -3.215299987792968750e+01
2.732999992370605469e+01 8.938200378417968750e+01 -2.838999938964843750e+01
2.732999992370605469e+01 8.938200378417968750e+01 -2.838999938964843750e+01
2.182799911499023438e+01 8.599900054931640625e+01 -2.274600028991699219e+01
1.916600036621093750e+01 8.866999816894531250e+01 -1.881299972534179688e+01
1.969899940490722656e+01 9.098500061035156250e+01 -1.693099975585937500e+01
1.579500007629394531e+01 9.134100341796875000e+01 -1.180099964141845703e+01
1.579500007629394531e+01 9.134100341796875000e+01 -1.180099964141845703e+01
1.348700046539306641e+01 9.116300201416015625e+01 -1.026000022888183594e+00
1.011600017547607422e+01 9.134100341796875000e+01 9.748000144958496094e+00
1.153499984741210938e+01 9.062899780273437500e+01 2.377199935913085938e+01
1.614900016784667969e+01 8.955999755859375000e+01 3.403400039672851562e+01
1.614900016784667969e+01 8.955999755859375000e+01 3.403400039672851562e+01
2.094099998474121094e+01 9.294300079345703125e+01 4.138800048828125000e+01
2.768499946594238281e+01 9.294300079345703125e+01 4.617699813842773438e+01
3.336399841308593750e+01 9.365599822998046875e+01 5.028099822998046875e+01
4.259199905395507812e+01 9.401200103759765625e+01 5.233300018310546875e+01
4.259199905395507812e+01 9.401200103759765625e+01 5.233300018310546875e+01
4.915800094604492188e+01 9.312100219726562500e+01 5.626699829101562500e+01
5.572499847412109375e+01 9.472399902343750000e+01 5.643799972534179688e+01
6.033900070190429688e+01 9.472399902343750000e+01 5.541199874877929688e+01
6.282300186157226562e+01 9.543599700927734375e+01 5.438600158691406250e+01
6.282300186157226562e+01 9.543599700927734375e+01 5.438600158691406250e+01
6.459799957275390625e+01 9.579199981689453125e+01 5.438600158691406250e+01
6.690499877929687500e+01 9.810700225830078125e+01 5.387300109863281250e+01
6.903500366210937500e+01 9.881900024414062500e+01 5.318799972534179688e+01
7.151899719238281250e+01 9.810700225830078125e+01 5.284600067138671875e+01
7.151899719238281250e+01 9.810700225830078125e+01 5.284600067138671875e+01
7.276100158691406250e+01 9.899700164794921875e+01 4.959700012207031250e+01
7.577799987792968750e+01 9.810700225830078125e+01 4.942599868774414062e+01
7.826300048828125000e+01 9.775099945068359375e+01 4.942599868774414062e+01
8.305400085449218750e+01 9.721700286865234375e+01 4.651900100708007812e+01
8.305400085449218750e+01 9.721700286865234375e+01 4.651900100708007812e+01
8.394200134277343750e+01 9.561399841308593750e+01 4.668999862670898438e+01
8.465200042724609375e+01 9.775099945068359375e+01 4.429499816894531250e+01
8.749099731445312500e+01 9.917500305175781250e+01 4.155899810791015625e+01
9.068599700927734375e+01 9.846299743652343750e+01 4.087500000000000000e+01
9.068599700927734375e+01 9.846299743652343750e+01 4.087500000000000000e+01
9.299299621582031250e+01 9.579199981689453125e+01 3.762500000000000000e+01
9.512200164794921875e+01 9.294300079345703125e+01 3.557300186157226562e+01
9.884899902343750000e+01 8.884799957275390625e+01 3.027099990844726562e+01
9.884899902343750000e+01 8.884799957275390625e+01 3.027099990844726562e+01
1.036409988403320312e+02 8.760199737548828125e+01 2.565399932861328125e+01
1.041729965209960938e+02 8.350700378417968750e+01 1.761499977111816406e+01
1.071900024414062500e+02 8.190399932861328125e+01 9.918999671936035156e+00
1.057699966430664062e+02 8.439700317382812500e+01 2.394000053405761719e+00
1.057699966430664062e+02 8.439700317382812500e+01 2.394000053405761719e+00
1.052379989624023438e+02 8.493099975585937500e+01 -6.670000076293945312e+00
1.015110015869140625e+02 8.653399658203125000e+01 -1.128800010681152344e+01
9.938099670410156250e+01 8.866999816894531250e+01 -1.676000022888183594e+01
9.689700317382812500e+01 8.902600097656250000e+01 -2.086499977111816406e+01
9.689700317382812500e+01 8.902600097656250000e+01 -2.086499977111816406e+01
9.352500152587890625e+01 8.955999755859375000e+01 -2.479800033569335938e+01
8.784600067138671875e+01 9.062899780273437500e+01 -3.129700088500976562e+01
8.092500305175781250e+01 9.009500122070312500e+01 -3.523099899291992188e+01
7.258399963378906250e+01 9.098500061035156250e+01 -3.882199859619140625e+01
7.258399963378906250e+01 9.098500061035156250e+01 -3.882199859619140625e+01
6.104899978637695312e+01 9.045099639892578125e+01 -4.036199951171875000e+01
5.252999877929687500e+01 9.187500000000000000e+01 -3.865100097656250000e+01
4.454399871826171875e+01 9.098500061035156250e+01 -3.506000137329101562e+01
3.442900085449218750e+01 9.365599822998046875e+01 -3.010000038146972656e+01
3.442900085449218750e+01 9.365599822998046875e+01 -3.010000038146972656e+01
2.928199958801269531e+01 9.383399963378906250e+01 -2.514100074768066406e+01
2.236100006103515625e+01 9.508000183105468750e+01 -1.983900070190429688e+01
1.756900024414062500e+01 8.991699981689453125e+01 -1.522099971771240234e+01
1.419699954986572266e+01 8.938200378417968750e+01 -7.183000087738037109e+00
1.419699954986572266e+01 8.938200378417968750e+01 -7.183000087738037109e+00
9.937999725341796875e+00 8.724600219726562500e+01 -3.420000076293945312e-01
9.760999679565429688e+00 9.062899780273437500e+01 7.696000099182128906e+00
1.100300025939941406e+01 9.151899719238281250e+01 1.812899971008300781e+01
1.295499992370605469e+01 9.027300262451171875e+01 2.616699981689453125e+01
1.295499992370605469e+01 9.027300262451171875e+01 2.616699981689453125e+01
1.561699962615966797e+01 9.080699920654296875e+01 3.283700180053710938e+01
1.827899932861328125e+01 9.134100341796875000e+01 3.677000045776367188e+01
2.005400085449218750e+01 8.955999755859375000e+01 3.950699996948242188e+01
1.916600036621093750e+01 9.045099639892578125e+01 3.830899810791015625e+01
1.916600036621093750e+01 9.045099639892578125e+01 3.830899810791015625e+01
1.969899940490722656e+01 9.098500061035156250e+01 3.847999954223632812e+01
1.632699966430664062e+01 8.973799896240234375e+01 3.283700180053710938e+01
1.100300025939941406e+01 8.795800018310546875e+01 2.120700073242187500e+01
8.873000144958496094e+00 8.866999816894531250e+01 7.525000095367431641e+00
8.873000144958496094e+00 8.866999816894531250e+01 7.525000095367431641e+00
1.313300037384033203e+01 8.653399658203125000e+01 -4.447000026702880859e+00
1.561699962615966797e+01 8.475299835205078125e+01 -1.505000019073486328e+01
2.076399993896484375e+01 8.528700256347656250e+01 -2.206200027465820312e+01
2.732999992370605469e+01 8.510900115966796875e+01 -2.702199935913085938e+01
2.732999992370605469e+01 8.510900115966796875e+01 -2.702199935913085938e+01
3.158900070190429688e+01 8.831400299072265625e+01 -3.146800041198730469e+01
3.638100051879882812e+01 9.062899780273437500e+01 -3.300799942016601562e+01
4.241500091552734375e+01 9.062899780273437500e+01 -3.437599945068359375e+01
4.915800094604492188e+01 9.027300262451171875e+01 -3.847999954223632812e+01
4.915800094604492188e+01 9.027300262451171875e+01 -3.847999954223632812e+01
5.554700088500976562e+01 8.849199676513671875e+01 -3.916500091552734375e+01
6.104899978637695312e+01 8.510900115966796875e+01 -3.899300003051757812e+01
7.080899810791015625e+01 8.279399871826171875e+01 -3.813800048828125000e+01
8.127999877929687500e+01 7.834300231933593750e+01 -3.557300186157226562e+01
8.127999877929687500e+01 7.834300231933593750e+01 -3.557300186157226562e+01
8.873300170898437500e+01 7.549400329589843750e+01 -2.975799942016601562e+01
9.618699645996093750e+01 7.513800048828125000e+01 -2.223299980163574219e+01
1.027529983520507812e+02 7.602799987792968750e+01 -1.316899967193603516e+01
1.055930023193359375e+02 7.638500213623046875e+01 8.550000190734863281e-01
1.055930023193359375e+02 7.638500213623046875e+01 8.550000190734863281e-01
1.070120010375976562e+02 7.852100372314453125e+01 1.180099964141845703e+01
1.039960021972656250e+02 8.119200134277343750e+01 2.462700080871582031e+01
9.831700134277343750e+01 7.905500030517578125e+01 3.591500091552734375e+01
9.139499664306640625e+01 8.101399993896484375e+01 4.429499816894531250e+01
9.139499664306640625e+01 8.101399993896484375e+01 4.429499816894531250e+01
8.571600341796875000e+01 8.386299896240234375e+01 4.771599960327148438e+01
8.305400085449218750e+01 8.688999938964843750e+01 4.891299819946289062e+01
8.003800201416015625e+01 8.955999755859375000e+01 5.079399871826171875e+01
7.595600128173828125e+01 9.187500000000000000e+01 5.233300018310546875e+01
7.595600128173828125e+01 9.187500000000000000e+01 5.233300018310546875e+01
6.868000030517578125e+01 9.561399841308593750e+01 5.318799972534179688e+01
6.619499969482421875e+01 9.881900024414062500e+01 5.181999969482421875e+01
6.548500061035156250e+01 1.005999984741210938e+02 5.181999969482421875e+01
6.477500152587890625e+01 1.027360000610351562e+02 4.908399963378906250e+01
6.477500152587890625e+01 1.027360000610351562e+02 4.908399963378906250e+01
6.441999816894531250e+01 1.091460037231445312e+02 4.566299819946289062e+01
6.264599990844726562e+01 1.119950027465820312e+02 4.155899810791015625e+01
6.229100036621093750e+01 1.176930007934570312e+02 3.745399856567382812e+01
6.087099838256835938e+01 1.219660034179687500e+02 2.856100082397460938e+01
6.087099838256835938e+01 1.219660034179687500e+02 2.856100082397460938e+01
6.282300186157226562e+01 1.278420028686523438e+02 1.744400024414062500e+01
6.371099853515625000e+01 1.287319946289062500e+02 1.111699962615966797e+01
6.246799850463867188e+01 1.271289978027343750e+02 1.710000038146972656e+00
6.424299621582031250e+01 1.267730026245117188e+02 -6.499000072479248047e+00
6.424299621582031250e+01 1.267730026245117188e+02 -6.499000072479248047e+00
6.371099853515625000e+01 1.248150024414062500e+02 -1.043200016021728516e+01
6.388800048828125000e+01 1.203629989624023438e+02 -1.983900070190429688e+01
6.317800140380859375e+01 1.164459991455078125e+02 -2.394300079345703125e+01
6.069400024414062500e+01 1.121729965209960938e+02 -2.770599937438964844e+01
6.069400024414062500e+01 1.121729965209960938e+02 -2.770599937438964844e+01
6.033900070190429688e+01 1.079000015258789062e+02 -3.249499893188476562e+01
6.051599884033203125e+01 1.009560012817382812e+02 -3.574399948120117188e+01
6.051599884033203125e+01 9.027300262451171875e+01 -3.950699996948242188e+01
6.051599884033203125e+01 9.027300262451171875e+01 -3.950699996948242188e+01
6.087099838256835938e+01 8.243800354003906250e+01 -4.087500000000000000e+01
6.353300094604492188e+01 7.763099670410156250e+01 -4.138800048828125000e+01
6.051599884033203125e+01 7.318000030517578125e+01 -3.984899902343750000e+01
6.193600082397460938e+01 6.534500122070312500e+01 -3.813800048828125000e+01
6.193600082397460938e+01 6.534500122070312500e+01 -3.813800048828125000e+01
6.317800140380859375e+01 6.125000000000000000e+01 -3.659899902343750000e+01
6.246799850463867188e+01 5.626499938964843750e+01 -3.420500183105468750e+01
6.459799957275390625e+01 5.199100112915039062e+01 -3.044199943542480469e+01
6.477500152587890625e+01 4.611600112915039062e+01 -2.650900077819824219e+01
6.477500152587890625e+01 4.611600112915039062e+01 -2.650900077819824219e+01
6.424299621582031250e+01 4.273300170898437500e+01 -2.325900077819824219e+01
6.353300094604492188e+01 3.988399887084960938e+01 -1.778700065612792969e+01
6.300099945068359375e+01 3.721300125122070312e+01 -1.316899967193603516e+01
6.282300186157226562e+01 3.383000183105468750e+01 -8.550999641418457031e+00
6.282300186157226562e+01 3.383000183105468750e+01 -8.550999641418457031e+00
6.175799942016601562e+01 3.133699989318847656e+01 -4.447000026702880859e+00
6.193600082397460938e+01 3.080299949645996094e+01 -1.197000026702880859e+00
6.158100128173828125e+01 3.009099960327148438e+01 2.907000064849853516e+00
6.016099929809570312e+01 3.044700050354003906e+01 5.986000061035156250e+00
6.016099929809570312e+01 3.044700050354003906e+01 5.986000061035156250e+00
5.945100021362304688e+01 2.902300071716308594e+01 8.380000114440917969e+00
6.087099838256835938e+01 2.902300071716308594e+01 1.282699966430664062e+01
6.175799942016601562e+01 2.991300010681152344e+01 1.778700065612792969e+01
6.193600082397460938e+01 3.151499938964843750e+01 2.343000030517578125e+01
6.193600082397460938e+01 3.151499938964843750e+01 2.343000030517578125e+01
6.211299896240234375e+01 3.169300079345703125e+01 2.907399940490722656e+01
6.229100036621093750e+01 3.115900039672851562e+01 3.061300086975097656e+01
6.317800140380859375e+01 3.418600082397460938e+01 3.317900085449218750e+01
6.264599990844726562e+01 3.329600143432617188e+01 3.198200035095214844e+01
6.264599990844726562e+01 3.329600143432617188e+01 3.198200035095214844e+01
6.317800140380859375e+01 3.240599822998046875e+01 2.838999938964843750e+01
6.229100036621093750e+01 3.115900039672851562e+01 1.932600021362304688e+01
6.371099853515625000e+01 3.009099960327148438e+01 8.380000114440917969e+00
6.441999816894531250e+01 3.115900039672851562e+01 -2.223000049591064453e+00
6.441999816894531250e+01 3.115900039672851562e+01 -2.223000049591064453e+00
6.708200073242187500e+01 3.703499984741210938e+01 -1.368200016021728516e+01
6.850199890136718750e+01 4.415700149536132812e+01 -2.189100074768066406e+01
7.009899902343750000e+01 5.216899871826171875e+01 -2.787700080871582031e+01
6.992199707031250000e+01 6.053799819946289062e+01 -3.386299896240234375e+01
6.992199707031250000e+01 6.053799819946289062e+01 -3.386299896240234375e+01
7.080899810791015625e+01 6.890599822998046875e+01 -3.711199951171875000e+01
7.187400054931640625e+01 7.923300170898437500e+01 -3.882199859619140625e+01
7.205200195312500000e+01 8.795800018310546875e+01 -3.830899810791015625e+01
7.045400238037109375e+01 1.002440032958984375e+02 -3.471799850463867188e+01
7.045400238037109375e+01 1.002440032958984375e+02 -3.471799850463867188e+01
6.974400329589843750e+01 1.095019989013671875e+02 -3.061300086975097656e+01
6.779199981689453125e+01 1.182269973754882812e+02 -2.086499977111816406e+01
6.797000122070312500e+01 1.201849975585937500e+02 -1.522099971771240234e+01
6.832499694824218750e+01 1.251709976196289062e+02 -1.077499961853027344e+01
6.832499694824218750e+01 1.251709976196289062e+02 -1.077499961853027344e+01
6.974400329589843750e+01 1.255270004272460938e+02 -2.565000057220458984e+00
7.009899902343750000e+01 1.269509963989257812e+02 4.960000038146972656e+00
7.063200378417968750e+01 1.271289978027343750e+02 1.949699974060058594e+01
7.027700042724609375e+01 1.207200012207031250e+02 2.838999938964843750e+01
7.027700042724609375e+01 1.207200012207031250e+02 2.838999938964843750e+01
6.956700134277343750e+01 1.153779983520507812e+02 3.591500091552734375e+01
6.797000122070312500e+01 1.080780029296875000e+02 4.600500106811523438e+01
6.868000030517578125e+01 1.005999984741210938e+02 5.113600158691406250e+01
6.619499969482421875e+01 9.347799682617187500e+01 5.421500015258789062e+01
6.619499969482421875e+01 9.347799682617187500e+01 5.421500015258789062e+01
6.637300109863281250e+01 9.045099639892578125e+01 5.609600067138671875e+01
6.353300094604492188e+01 8.546499633789062500e+01 5.712200164794921875e+01
6.459799957275390625e+01 8.154799652099609375e+01 5.780599975585937500e+01
6.229100036621093750e+01 6.961900329589843750e+01 5.900299835205078125e+01
6.229100036621093750e+01 6.961900329589843750e+01 5.900299835205078125e+01
6.104899978637695312e+01 5.697700119018554688e+01 5.404399871826171875e+01
6.087099838256835938e+01 4.611600112915039062e+01 4.908399963378906250e+01
5.856399917602539062e+01 3.952799987792968750e+01 4.275600051879882812e+01
5.856399917602539062e+01 3.952799987792968750e+01 4.275600051879882812e+01
6.104899978637695312e+01 3.418600082397460938e+01 3.557300186157226562e+01
6.122600173950195312e+01 3.293999862670898438e+01 2.890299987792968750e+01
6.264599990844726562e+01 3.009099960327148438e+01 1.932600021362304688e+01
6.353300094604492188e+01 3.026899909973144531e+01 7.525000095367431641e+00
6.353300094604492188e+01 3.026899909973144531e+01 7.525000095367431641e+00
6.229100036621093750e+01 3.151499938964843750e+01 -1.881000041961669922e+00
5.998400115966796875e+01 3.347399902343750000e+01 -1.128800010681152344e+01
5.820899963378906250e+01 3.952799987792968750e+01 -1.676000022888183594e+01
5.803200149536132812e+01 4.219800186157226562e+01 -2.274600028991699219e+01
5.803200149536132812e+01 4.219800186157226562e+01 -2.274600028991699219e+01
5.625699996948242188e+01 4.647200012207031250e+01 -2.514100074768066406e+01
5.483700180053710938e+01 4.754000091552734375e+01 -2.650900077819824219e+01
5.785400009155273438e+01 5.199100112915039062e+01 -3.112599945068359375e+01
5.838700103759765625e+01 6.178400039672851562e+01 -3.711199951171875000e+01
5.838700103759765625e+01 6.178400039672851562e+01 -3.711199951171875000e+01
5.590200042724609375e+01 6.961900329589843750e+01 -4.019100189208984375e+01
5.838700103759765625e+01 7.816500091552734375e+01 -4.224300003051757812e+01
6.087099838256835938e+01 8.884799957275390625e+01 -4.121699905395507812e+01
6.371099853515625000e+01 9.276499938964843750e+01 -3.950699996948242188e+01
6.371099853515625000e+01 9.276499938964843750e+01 -3.950699996948242188e+01
6.797000122070312500e+01 1.002440032958984375e+02 -3.882199859619140625e+01
7.276100158691406250e+01 1.079000015258789062e+02 -3.112599945068359375e+01
7.418099975585937500e+01 1.150220031738281250e+02 -2.325900077819824219e+01
7.648799896240234375e+01 1.198290023803710938e+02 -1.385299968719482422e+01
7.648799896240234375e+01 1.198290023803710938e+02 -1.385299968719482422e+01
7.595600128173828125e+01 1.221439971923828125e+02 -4.105000019073486328e+00
7.329399871826171875e+01 1.237460021972656250e+02 6.328000068664550781e+00
7.276100158691406250e+01 1.232119979858398438e+02 1.470800018310546875e+01
7.169699859619140625e+01 1.200070037841796875e+02 2.189100074768066406e+01
7.169699859619140625e+01 1.200070037841796875e+02 2.189100074768066406e+01
7.134200286865234375e+01 1.178710021972656250e+02 2.599600028991699219e+01
7.134200286865234375e+01 1.192949981689453125e+02 2.428499984741210938e+01
7.098699951171875000e+01 1.214319992065429688e+02 2.189100074768066406e+01
7.151899719238281250e+01 1.226780014038085938e+02 1.590499973297119141e+01
7.151899719238281250e+01 1.226780014038085938e+02 1.590499973297119141e+01
7.116400146484375000e+01 1.258830032348632812e+02 7.696000099182128906e+00
7.080899810791015625e+01 1.241029968261718750e+02 -8.038000106811523438e+00
6.921199798583984375e+01 1.171589965820312500e+02 -2.154899978637695312e+01
6.868000030517578125e+01 1.098580017089843750e+02 -3.198200035095214844e+01
6.868000030517578125e+01 1.098580017089843750e+02 -3.198200035095214844e+01
7.293900299072265625e+01 9.703900146484375000e+01 -3.642800140380859375e+01
7.382599639892578125e+01 8.724600219726562500e+01 -3.865100097656250000e+01
7.364900207519531250e+01 7.282299804687500000e+01 -3.882199859619140625e+01
7.435900115966796875e+01 5.679899978637695312e+01 -2.890299987792968750e+01
7.435900115966796875e+01 5.679899978637695312e+01 -2.890299987792968750e+01
7.737599945068359375e+01 4.843000030517578125e+01 -2.428499984741210938e+01
7.755300140380859375e+01 4.113000106811523438e+01 -1.487899971008300781e+01
7.471399688720703125e+01 3.614500045776367188e+01 -4.618000030517578125e+00
7.666600036621093750e+01 3.347399902343750000e+01 7.867000102996826172e+00
7.666600036621093750e+01 3.347399902343750000e+01 7.867000102996826172e+00
7.719799804687500000e+01 3.400799942016601562e+01 1.693099975585937500e+01
7.471399688720703125e+01 3.507600021362304688e+01 2.308799934387207031e+01
7.116400146484375000e+01 3.436399841308593750e+01 2.753499984741210938e+01
7.134200286865234375e+01 3.917200088500976562e+01 3.625699996948242188e+01
7.134200286865234375e+01 3.917200088500976562e+01 3.625699996948242188e+01
6.974400329589843750e+01 4.896400070190429688e+01 4.566299819946289062e+01
6.690499877929687500e+01 5.252500152587890625e+01 5.045199966430664062e+01
6.672799682617187500e+01 6.160599899291992188e+01 5.575400161743164062e+01
6.264599990844726562e+01 6.890599822998046875e+01 5.660900115966796875e+01
6.264599990844726562e+01 6.890599822998046875e+01 5.660900115966796875e+01
6.104899978637695312e+01 7.869899749755859375e+01 5.780599975585937500e+01
6.175799942016601562e+01 8.154799652099609375e+01 5.712200164794921875e+01
5.998400115966796875e+01 8.760199737548828125e+01 5.814799880981445312e+01
5.927399826049804688e+01 8.831400299072265625e+01 5.575400161743164062e+01
5.927399826049804688e+01 8.831400299072265625e+01 5.575400161743164062e+01
5.909600067138671875e+01 9.347799682617187500e+01 5.695100021362304688e+01
6.246799850463867188e+01 9.579199981689453125e+01 5.438600158691406250e+01
6.566300201416015625e+01 1.004219970703125000e+02 5.130699920654296875e+01
6.477500152587890625e+01 9.988700103759765625e+01 5.216199874877929688e+01
6.477500152587890625e+01 9.988700103759765625e+01 5.216199874877929688e+01
6.512999725341796875e+01 1.013119964599609375e+02 4.976800155639648438e+01
6.672799682617187500e+01 1.036269989013671875e+02 4.959700012207031250e+01
6.814700317382812500e+01 1.046949996948242188e+02 4.857099914550781250e+01
6.814700317382812500e+01 1.046949996948242188e+02 4.857099914550781250e+01
6.779199981689453125e+01 1.050510025024414062e+02 4.788700103759765625e+01
6.779199981689453125e+01 1.039830017089843750e+02 4.686100006103515625e+01
6.814700317382812500e+01 1.054069976806640625e+02 4.754499816894531250e+01
6.868000030517578125e+01 1.030920028686523438e+02 4.976800155639648438e+01
6.868000030517578125e+01 1.030920028686523438e+02 4.976800155639648438e+01
6.974400329589843750e+01 1.041610031127929688e+02 4.908399963378906250e+01
6.761499786376953125e+01 1.030920028686523438e+02 4.908399963378906250e+01
6.885700225830078125e+01 1.029140014648437500e+02 4.959700012207031250e+01
6.743699645996093750e+01 1.011340026855468750e+02 5.062300109863281250e+01
6.743699645996093750e+01 1.011340026855468750e+02 5.062300109863281250e+01
6.779199981689453125e+01 9.792900085449218750e+01 5.267499923706054688e+01
6.814700317382812500e+01 9.899700164794921875e+01 5.028099822998046875e+01
6.743699645996093750e+01 9.828500366210937500e+01 5.062300109863281250e+01
6.814700317382812500e+01 9.792900085449218750e+01 5.062300109863281250e+01
6.814700317382812500e+01 9.792900085449218750e+01 5.062300109863281250e+01
6.868000030517578125e+01 9.953099822998046875e+01 5.113600158691406250e+01
6.601799774169921875e+01 1.036269989013671875e+02 5.130699920654296875e+01
5.998400115966796875e+01 1.018460006713867188e+02 5.199100112915039062e+01
5.625699996948242188e+01 9.953099822998046875e+01 5.318799972534179688e+01
5.625699996948242188e+01 9.953099822998046875e+01 5.318799972534179688e+01
5.483700180053710938e+01 9.810700225830078125e+01 5.421500015258789062e+01
5.377199935913085938e+01 9.775099945068359375e+01 5.284600067138671875e+01
5.536999893188476562e+01 9.686100006103515625e+01 5.301699829101562500e+01
5.377199935913085938e+01 9.953099822998046875e+01 5.284600067138671875e+01
5.377199935913085938e+01 9.953099822998046875e+01 5.284600067138671875e+01
5.075600051879882812e+01 9.828500366210937500e+01 5.130699920654296875e+01
4.649599838256835938e+01 9.864099884033203125e+01 5.062300109863281250e+01
3.975299835205078125e+01 9.614800262451171875e+01 5.028099822998046875e+01
3.425099945068359375e+01 9.739499664306640625e+01 4.668999862670898438e+01
3.425099945068359375e+01 9.739499664306640625e+01 4.668999862670898438e+01
3.407400131225585938e+01 9.792900085449218750e+01 4.583399963378906250e+01
3.212099838256835938e+01 9.632599639892578125e+01 4.703200149536132812e+01
3.194400024414062500e+01 9.508000183105468750e+01 4.617699813842773438e+01
3.141200065612792969e+01 9.276499938964843750e+01 4.840000152587890625e+01
3.141200065612792969e+01 9.276499938964843750e+01 4.840000152587890625e+01
3.070199966430664062e+01 8.884799957275390625e+01 4.908399963378906250e+01
2.910499954223632812e+01 8.866999816894531250e+01 4.686100006103515625e+01
2.644300079345703125e+01 8.315100097656250000e+01 4.805799865722656250e+01
2.413500022888183594e+01 7.300199890136718750e+01 4.583399963378906250e+01
2.413500022888183594e+01 7.300199890136718750e+01 4.583399963378906250e+01
2.537800025939941406e+01 6.213999938964843750e+01 4.463700103759765625e+01
2.786199951171875000e+01 5.608700180053710938e+01 4.361100006103515625e+01
3.158900070190429688e+01 5.199100112915039062e+01 4.378200149536132812e+01
3.673600006103515625e+01 4.575899887084960938e+01 4.497900009155273438e+01
3.673600006103515625e+01 4.575899887084960938e+01 4.497900009155273438e+01
4.702899932861328125e+01 4.433499908447265625e+01 4.532099914550781250e+01
5.341799926757812500e+01 4.718399810791015625e+01 4.805799865722656250e+01
5.714400100708007812e+01 4.949900054931640625e+01 5.130699920654296875e+01
6.300099945068359375e+01 5.252500152587890625e+01 5.113600158691406250e+01
6.300099945068359375e+01 5.252500152587890625e+01 5.113600158691406250e+01
6.690499877929687500e+01 5.395000076293945312e+01 5.045199966430664062e+01
7.187400054931640625e+01 5.822299957275390625e+01 5.216199874877929688e+01
7.134200286865234375e+01 5.768899917602539062e+01 5.233300018310546875e+01
7.666600036621093750e+01 5.306000137329101562e+01 4.891299819946289062e+01
7.666600036621093750e+01 5.306000137329101562e+01 4.891299819946289062e+01
8.039199829101562500e+01 5.679899978637695312e+01 4.634799957275390625e+01
8.447399902343750000e+01 5.911299896240234375e+01 4.549200057983398438e+01
8.624900054931640625e+01 6.053799819946289062e+01 4.412400054931640625e+01
8.642600250244140625e+01 6.392100143432617188e+01 4.463700103759765625e+01
8.642600250244140625e+01 6.392100143432617188e+01 4.463700103759765625e+01
8.802400207519531250e+01 6.979699707031250000e+01 4.720299911499023438e+01
9.139499664306640625e+01 7.567199707031250000e+01 4.429499816894531250e+01
9.565499877929687500e+01 8.030200195312500000e+01 3.984899902343750000e+01
9.245999908447265625e+01 8.991699981689453125e+01 3.813800048828125000e+01
9.245999908447265625e+01 8.991699981689453125e+01 3.813800048828125000e+01
8.837799835205078125e+01 1.011340026855468750e+02 3.899300003051757812e+01
8.340899658203125000e+01 1.050510025024414062e+02 4.036199951171875000e+01
7.737599945068359375e+01 1.096800003051757812e+02 4.070399856567382812e+01
7.045400238037109375e+01 1.098580017089843750e+02 4.258499908447265625e+01
7.045400238037109375e+01 1.098580017089843750e+02 4.258499908447265625e+01
6.761499786376953125e+01 1.112829971313476562e+02 4.463700103759765625e+01
6.229100036621093750e+01 1.066529998779296875e+02 4.703200149536132812e+01
5.909600067138671875e+01 1.070100021362304688e+02 4.908399963378906250e+01
5.341799926757812500e+01 1.080780029296875000e+02 4.737400054931640625e+01
5.341799926757812500e+01 1.080780029296875000e+02 4.737400054931640625e+01
4.880300140380859375e+01 1.127070007324218750e+02 4.361100006103515625e+01
4.081700134277343750e+01 1.135970001220703125e+02 3.659899902343750000e+01
3.300899887084960938e+01 1.139540023803710938e+02 2.975799942016601562e+01
3.300899887084960938e+01 1.139540023803710938e+02 2.975799942016601562e+01
2.945899963378906250e+01 1.143099975585937500e+02 2.428499984741210938e+01
2.431299972534179688e+01 1.095019989013671875e+02 2.069400024414062500e+01
1.579500007629394531e+01 1.013119964599609375e+02 1.864200019836425781e+01
1.118000030517578125e+01 9.098500061035156250e+01 1.727300071716308594e+01
1.118000030517578125e+01 9.098500061035156250e+01 1.727300071716308594e+01
7.276000022888183594e+00 7.994599914550781250e+01 1.316899967193603516e+01
7.098999977111816406e+00 7.122100067138671875e+01 8.208999633789062500e+00
9.583000183105468750e+00 6.409899902343750000e+01 8.208999633789062500e+00
1.011600017547607422e+01 6.071599960327148438e+01 8.038000106811523438e+00
1.011600017547607422e+01 6.071599960327148438e+01 8.038000106811523438e+00
8.340999603271484375e+00 6.320899963378906250e+01 9.064000129699707031e+00
7.631000041961669922e+00 6.961900329589843750e+01 1.351099967956542969e+01
8.517999649047851562e+00 8.119200134277343750e+01 1.607600021362304688e+01
1.384200000762939453e+01 9.543599700927734375e+01 2.052300071716308594e+01
1.384200000762939453e+01 9.543599700927734375e+01 2.052300071716308594e+01
2.023100090026855469e+01 1.075439987182617188e+02 2.120700073242187500e+01
2.520000076293945312e+01 1.107490005493164062e+02 2.428499984741210938e+01
3.229899978637695312e+01 1.146660003662109375e+02 2.702199935913085938e+01
4.152700042724609375e+01 1.189390029907226562e+02 3.078400039672851562e+01
4.152700042724609375e+01 1.189390029907226562e+02 3.078400039672851562e+01
5.519200134277343750e+01 1.169800033569335938e+02 3.711199951171875000e+01
6.441999816894531250e+01 1.123509979248046875e+02 4.224300003051757812e+01
7.648799896240234375e+01 1.023799972534179688e+02 4.805799865722656250e+01
8.092500305175781250e+01 9.009500122070312500e+01 4.993899917602539062e+01
8.092500305175781250e+01 9.009500122070312500e+01 4.993899917602539062e+01
8.269999694824218750e+01 7.442600250244140625e+01 5.233300018310546875e+01
7.560099792480468750e+01 5.911299896240234375e+01 5.028099822998046875e+01
6.441999816894531250e+01 4.967699813842773438e+01 4.942599868774414062e+01
5.590200042724609375e+01 4.433499908447265625e+01 4.703200149536132812e+01
5.590200042724609375e+01 4.433499908447265625e+01 4.703200149536132812e+01
5.057799911499023438e+01 4.113000106811523438e+01 4.326900100708007812e+01
4.330199813842773438e+01 4.166400146484375000e+01 4.104600143432617188e+01
3.726800155639648438e+01 4.415700149536132812e+01 4.070399856567382812e+01
3.318600082397460938e+01 4.682799911499023438e+01 4.121699905395507812e+01
3.318600082397460938e+01 4.682799911499023438e+01 4.121699905395507812e+01
2.910499954223632812e+01 4.807400131225585938e+01 4.002000045776367188e+01
2.555500030517578125e+01 4.700600051879882812e+01 3.386299896240234375e+01
1.810199928283691406e+01 5.056700134277343750e+01 2.565399932861328125e+01
1.135799980163574219e+01 5.840100097656250000e+01 1.949699974060058594e+01
1.135799980163574219e+01 5.840100097656250000e+01 1.949699974060058594e+01
8.873000144958496094e+00 6.338700103759765625e+01 1.231400012969970703e+01
9.406000137329101562e+00 7.531600189208984375e+01 7.354000091552734375e+00
9.406000137329101562e+00 8.671199798583984375e+01 5.986000061035156250e+00
1.437500000000000000e+01 9.988700103759765625e+01 4.618000030517578125e+00
1.437500000000000000e+01 9.988700103759765625e+01 4.618000030517578125e+00
1.916600036621093750e+01 1.071880035400390625e+02 0.000000000000000000e+00
2.644300079345703125e+01 1.137760009765625000e+02 -2.223000049591064453e+00
3.336399841308593750e+01 1.196510009765625000e+02 -3.420000076293945312e-01
4.223699951171875000e+01 1.264169998168945312e+02 1.710000038146972656e+00
4.223699951171875000e+01 1.264169998168945312e+02 1.710000038146972656e+00
5.359500122070312500e+01 1.264169998168945312e+02 7.867000102996826172e+00
6.530799865722656250e+01 1.257050018310546875e+02 1.847100067138671875e+01
7.560099792480468750e+01 1.182269973754882812e+02 3.112599945068359375e+01
7.879499816894531250e+01 1.079000015258789062e+02 4.104600143432617188e+01
7.879499816894531250e+01 1.079000015258789062e+02 4.104600143432617188e+01
7.879499816894531250e+01 9.650399780273437500e+01 5.096500015258789062e+01
7.311599731445312500e+01 8.154799652099609375e+01 5.472800064086914062e+01
6.175799942016601562e+01 7.015299987792968750e+01 5.883200073242187500e+01
4.365700149536132812e+01 6.303099822998046875e+01 5.541199874877929688e+01
4.365700149536132812e+01 6.303099822998046875e+01 5.541199874877929688e+01
3.087899971008300781e+01 5.947000122070312500e+01 4.857099914550781250e+01
2.040900039672851562e+01 5.857899856567382812e+01 3.950699996948242188e+01
1.703700065612792969e+01 5.982600021362304688e+01 2.975799942016601562e+01
1.189000034332275391e+01 6.142800140380859375e+01 1.761499977111816406e+01
1.189000034332275391e+01 6.142800140380859375e+01 1.761499977111816406e+01
1.082499980926513672e+01 6.213999938964843750e+01 5.302000045776367188e+00
1.260000038146972656e+01 6.498899841308593750e+01 1.539000034332275391e+00
1.313300037384033203e+01 6.730400085449218750e+01 -5.131000041961669922e+00
1.277799987792968750e+01 7.157700347900390625e+01 -1.060299968719482422e+01
1.277799987792968750e+01 7.157700347900390625e+01 -1.060299968719482422e+01
1.756900024414062500e+01 7.531600189208984375e+01 -1.829999923706054688e+01
2.165099906921386719e+01 7.798699951171875000e+01 -2.291699981689453125e+01
2.590999984741210938e+01 8.154799652099609375e+01 -2.907399940490722656e+01
2.644300079345703125e+01 8.493099975585937500e+01 -2.924500083923339844e+01
2.644300079345703125e+01 8.493099975585937500e+01 -2.924500083923339844e+01
2.750699996948242188e+01 8.599900054931640625e+01 -3.129700088500976562e+01
3.123399925231933594e+01 8.760199737548828125e+01 -3.420500183105468750e+01
3.478300094604492188e+01 8.795800018310546875e+01 -3.352099990844726562e+01
4.010699844360351562e+01 8.368499755859375000e+01 -3.830899810791015625e+01
4.010699844360351562e+01 8.368499755859375000e+01 -3.830899810791015625e+01
4.791600036621093750e+01 7.869899749755859375e+01 -4.002000045776367188e+01
5.891899871826171875e+01 7.798699951171875000e+01 -4.104600143432617188e+01
6.885700225830078125e+01 7.335800170898437500e+01 -3.933599853515625000e+01
7.755300140380859375e+01 7.282299804687500000e+01 -3.574399948120117188e+01
7.755300140380859375e+01 7.282299804687500000e+01 -3.574399948120117188e+01
8.536199951171875000e+01 6.997499847412109375e+01 -3.163899993896484375e+01
9.050800323486328125e+01 6.730400085449218750e+01 -2.736400032043457031e+01
9.476699829101562500e+01 6.766000366210937500e+01 -2.120700073242187500e+01
9.618699645996093750e+01 6.409899902343750000e+01 -1.505000019073486328e+01
9.618699645996093750e+01 6.409899902343750000e+01 -1.505000019073486328e+01
9.796199798583984375e+01 6.089400100708007812e+01 -7.867000102996826172e+00
9.991400146484375000e+01 6.071599960327148438e+01 -3.934000015258789062e+00
1.023980026245117188e+02 6.071599960327148438e+01 2.907000064849853516e+00
1.022210006713867188e+02 5.982600021362304688e+01 1.060299968719482422e+01
1.022210006713867188e+02 5.982600021362304688e+01 1.060299968719482422e+01
1.032860031127929688e+02 6.409899902343750000e+01 1.402400016784667969e+01
1.027529983520507812e+02 6.819400024414062500e+01 2.035199928283691406e+01
1.018659973144531250e+02 7.300199890136718750e+01 2.462700080871582031e+01
9.902600097656250000e+01 8.083599853515625000e+01 2.804800033569335938e+01
9.902600097656250000e+01 8.083599853515625000e+01 2.804800033569335938e+01
9.583200073242187500e+01 8.724600219726562500e+01 3.112599945068359375e+01
9.228299713134765625e+01 9.508000183105468750e+01 3.694100189208984375e+01
8.305400085449218750e+01 9.792900085449218750e+01 4.412400054931640625e+01
7.098699951171875000e+01 9.579199981689453125e+01 5.199100112915039062e+01
7.098699951171875000e+01 9.579199981689453125e+01 5.199100112915039062e+01
6.033900070190429688e+01 9.365599822998046875e+01 5.506999969482421875e+01
5.075600051879882812e+01 9.009500122070312500e+01 5.609600067138671875e+01
3.850999832153320312e+01 8.386299896240234375e+01 5.455699920654296875e+01
3.850999832153320312e+01 8.386299896240234375e+01 5.455699920654296875e+01
2.750699996948242188e+01 8.101399993896484375e+01 4.942599868774414062e+01
1.881100082397460938e+01 7.869899749755859375e+01 4.207199859619140625e+01
1.774699974060058594e+01 7.905500030517578125e+01 3.830899810791015625e+01
1.508500003814697266e+01 7.994599914550781250e+01 3.437599945068359375e+01
1.508500003814697266e+01 7.994599914550781250e+01 3.437599945068359375e+01
1.206799983978271484e+01 8.475299835205078125e+01 3.078400039672851562e+01
1.348700046539306641e+01 8.653399658203125000e+01 2.668000030517578125e+01
1.135799980163574219e+01 9.045099639892578125e+01 2.462700080871582031e+01
1.348700046539306641e+01 9.508000183105468750e+01 1.949699974060058594e+01
1.348700046539306641e+01 9.508000183105468750e+01 1.949699974060058594e+01
1.313300037384033203e+01 9.828500366210937500e+01 1.744400024414062500e+01
1.543999958038330078e+01 1.002440032958984375e+02 1.727300071716308594e+01
1.650399971008300781e+01 1.027360000610351562e+02 1.693099975585937500e+01
2.005400085449218750e+01 1.066529998779296875e+02 1.761499977111816406e+01
2.005400085449218750e+01 1.066529998779296875e+02 1.761499977111816406e+01
2.378100013732910156e+01 1.132409973144531250e+02 2.052300071716308594e+01
3.265399932861328125e+01 1.171589965820312500e+02 2.154899978637695312e+01
3.638100051879882812e+01 1.194729995727539062e+02 2.548299980163574219e+01
4.063999938964843750e+01 1.194729995727539062e+02 2.616699981689453125e+01
4.063999938964843750e+01 1.194729995727539062e+02 2.616699981689453125e+01
4.578599929809570312e+01 1.221439971923828125e+02 2.941600036621093750e+01
5.111000061035156250e+01 1.221439971923828125e+02 2.668000030517578125e+01
5.608000183105468750e+01 1.239250030517578125e+02 2.394300079345703125e+01
5.891899871826171875e+01 1.249929962158203125e+02 1.983900070190429688e+01
5.891899871826171875e+01 1.249929962158203125e+02 1.983900070190429688e+01
5.962900161743164062e+01 1.267730026245117188e+02 1.847100067138671875e+01
5.962900161743164062e+01 1.257050018310546875e+02 1.881299972534179688e+01
5.803200149536132812e+01 1.262389984130859375e+02 1.966799926757812500e+01
5.803200149536132812e+01 1.255270004272460938e+02 2.001000022888183594e+01
5.803200149536132812e+01 1.255270004272460938e+02 2.001000022888183594e+01
6.246799850463867188e+01 1.267730026245117188e+02 1.505000019073486328e+01
6.619499969482421875e+01 1.280200042724609375e+02 4.276000022888183594e+00
6.619499969482421875e+01 1.258830032348632812e+02 -5.130000114440917969e-01
6.317800140380859375e+01 1.271289978027343750e+02 -4.789000034332275391e+00
6.317800140380859375e+01 1.271289978027343750e+02 -4.789000034332275391e+00
5.590200042724609375e+01 1.251709976196289062e+02 -4.618000030517578125e+00
5.199800109863281250e+01 1.258830032348632812e+02 -5.302000045776367188e+00
4.773899841308593750e+01 1.258830032348632812e+02 -5.644000053405761719e+00
4.383399963378906250e+01 1.226780014038085938e+02 -7.696000099182128906e+00
4.383399963378906250e+01 1.226780014038085938e+02 -7.696000099182128906e+00
3.850999832153320312e+01 1.198290023803710938e+02 -1.111699962615966797e+01
3.602600097656250000e+01 1.169800033569335938e+02 -1.077499961853027344e+01
3.389599990844726562e+01 1.144879989624023438e+02 -1.180099964141845703e+01
3.105699920654296875e+01 1.123509979248046875e+02 -1.214299964904785156e+01
3.105699920654296875e+01 1.123509979248046875e+02 -1.214299964904785156e+01
2.910499954223632812e+01 1.114609985351562500e+02 -1.231400012969970703e+01
2.590999984741210938e+01 1.061190032958984375e+02 -1.163000011444091797e+01
2.502300071716308594e+01 1.052289962768554688e+02 -1.282699966430664062e+01
2.165099906921386719e+01 1.025579986572265625e+02 -1.060299968719482422e+01
2.165099906921386719e+01 1.025579986572265625e+02 -1.060299968719482422e+01
1.810199928283691406e+01 9.864099884033203125e+01 -8.892999649047851562e+00
1.437500000000000000e+01 9.703900146484375000e+01 -5.644000053405761719e+00
1.242300033569335938e+01 9.508000183105468750e+01 2.736000061035156250e+00
1.011600017547607422e+01 9.134100341796875000e+01 6.328000068664550781e+00
1.011600017547607422e+01 9.134100341796875000e+01 6.328000068664550781e+00
7.986000061035156250e+00 8.386299896240234375e+01 7.012000083923339844e+00
9.406000137329101562e+00 8.279399871826171875e+01 1.316899967193603516e+01
8.163000106811523438e+00 8.048000335693359375e+01 2.052300071716308594e+01
1.277799987792968750e+01 7.656300354003906250e+01 2.873200035095214844e+01
1.277799987792968750e+01 7.656300354003906250e+01 2.873200035095214844e+01
1.455200004577636719e+01 7.656300354003906250e+01 3.967800140380859375e+01
1.969899940490722656e+01 7.495999908447265625e+01 4.326900100708007812e+01
2.590999984741210938e+01 7.763099670410156250e+01 4.891299819946289062e+01
3.354100036621093750e+01 7.887699890136718750e+01 5.216199874877929688e+01
3.354100036621093750e+01 7.887699890136718750e+01 5.216199874877929688e+01
3.602600097656250000e+01 8.279399871826171875e+01 5.489899826049804688e+01
3.993000030517578125e+01 8.421900177001953125e+01 5.524100112915039062e+01
4.152700042724609375e+01 8.332900238037109375e+01 5.609600067138671875e+01
4.436700057983398438e+01 8.332900238037109375e+01 5.780599975585937500e+01
4.436700057983398438e+01 8.332900238037109375e+01 5.780599975585937500e+01
5.075600051879882812e+01 8.368499755859375000e+01 5.677999877929687500e+01
5.359500122070312500e+01 8.439700317382812500e+01 5.814799880981445312e+01
4.880300140380859375e+01 8.528700256347656250e+01 5.831900024414062500e+01
3.726800155639648438e+01 8.048000335693359375e+01 5.506999969482421875e+01
3.726800155639648438e+01 8.048000335693359375e+01 5.506999969482421875e+01
2.875000000000000000e+01 7.798699951171875000e+01 5.130699920654296875e+01
2.094099998474121094e+01 7.050900268554687500e+01 4.241400146484375000e+01
1.508500003814697266e+01 6.463300323486328125e+01 3.232400131225585938e+01
1.118000030517578125e+01 5.929100036621093750e+01 2.035199928283691406e+01
1.118000030517578125e+01 5.929100036621093750e+01 2.035199928283691406e+01
1.384200000762939453e+01 5.377199935913085938e+01 7.183000087738037109e+00
1.845700073242187500e+01 4.949900054931640625e+01 -3.420000076293945312e-01
1.810199928283691406e+01 4.843000030517578125e+01 -2.394000053405761719e+00
1.810199928283691406e+01 5.092300033569335938e+01 2.394000053405761719e+00
1.810199928283691406e+01 5.092300033569335938e+01 2.394000053405761719e+00
1.508500003814697266e+01 5.395000076293945312e+01 7.354000091552734375e+00
1.242300033569335938e+01 5.662099838256835938e+01 1.436600017547607422e+01
1.224499988555908203e+01 6.498899841308593750e+01 2.035199928283691406e+01
1.171300029754638672e+01 7.300199890136718750e+01 2.975799942016601562e+01
1.171300029754638672e+01 7.300199890136718750e+01 2.975799942016601562e+01
1.597200012207031250e+01 8.083599853515625000e+01 3.865100097656250000e+01
2.307099914550781250e+01 8.795800018310546875e+01 4.275600051879882812e+01
3.052400016784667969e+01 9.187500000000000000e+01 4.651900100708007812e+01
4.117200088500976562e+01 9.508000183105468750e+01 5.130699920654296875e+01
4.117200088500976562e+01 9.508000183105468750e+01 5.130699920654296875e+01
4.880300140380859375e+01 9.454599761962890625e+01 5.421500015258789062e+01
5.501499938964843750e+01 9.508000183105468750e+01 5.575400161743164062e+01
6.104899978637695312e+01 9.436799621582031250e+01 5.472800064086914062e+01
6.938999938964843750e+01 9.383399963378906250e+01 5.216199874877929688e+01
6.938999938964843750e+01 9.383399963378906250e+01 5.216199874877929688e+01
7.737599945068359375e+01 9.116300201416015625e+01 5.164899826049804688e+01
8.607099914550781250e+01 8.991699981689453125e+01 4.429499816894531250e+01
9.405699920654296875e+01 8.439700317382812500e+01 4.002000045776367188e+01
9.742900085449218750e+01 7.816500091552734375e+01 3.300799942016601562e+01
9.742900085449218750e+01 7.816500091552734375e+01 3.300799942016601562e+01
9.920400238037109375e+01 7.424800109863281250e+01 2.958699989318847656e+01
1.002689971923828125e+02 6.997499847412109375e+01 2.445599937438964844e+01
1.004459991455078125e+02 6.516699981689453125e+01 1.881299972534179688e+01
1.004459991455078125e+02 6.516699981689453125e+01 1.881299972534179688e+01
1.004459991455078125e+02 6.516699981689453125e+01 1.881299972534179688e+01
1.018659973144531250e+02 5.982600021362304688e+01 8.550999641418457031e+00
9.955899810791015625e+01 5.857899856567382812e+01 4.276000022888183594e+00
9.725199890136718750e+01 5.590800094604492188e+01 -1.026000022888183594e+00
9.725199890136718750e+01 5.590800094604492188e+01 -1.026000022888183594e+00
9.760700225830078125e+01 5.519599914550781250e+01 -5.815000057220458984e+00
9.405699920654296875e+01 5.412799835205078125e+01 -8.892999649047851562e+00
8.944300079345703125e+01 5.306000137329101562e+01 -1.334000015258789062e+01
8.465200042724609375e+01 5.074499893188476562e+01 -1.898399925231933594e+01
8.465200042724609375e+01 5.074499893188476562e+01 -1.898399925231933594e+01
7.666600036621093750e+01 4.878599929809570312e+01 -2.086499977111816406e+01
6.690499877929687500e+01 4.718399810791015625e+01 -2.343000030517578125e+01
6.104899978637695312e+01 4.593799972534179688e+01 -2.496999931335449219e+01
5.270800018310546875e+01 4.504700088500976562e+01 -2.479800033569335938e+01
5.270800018310546875e+01 4.504700088500976562e+01 -2.479800033569335938e+01
4.489899826049804688e+01 4.682799911499023438e+01 -2.514100074768066406e+01
3.957500076293945312e+01 4.860800170898437500e+01 -2.377199935913085938e+01
3.460599899291992188e+01 5.110100173950195312e+01 -2.377199935913085938e+01
2.786199951171875000e+01 5.216899871826171875e+01 -2.035199928283691406e+01
2.786199951171875000e+01 5.216899871826171875e+01 -2.035199928283691406e+01
2.395800018310546875e+01 5.395000076293945312e+01 -1.727300071716308594e+01
2.023100090026855469e+01 6.125000000000000000e+01 -1.368200016021728516e+01
1.614900016784667969e+01 6.320899963378906250e+01 -1.214299964904785156e+01
1.526200008392333984e+01 6.552300262451171875e+01 -1.265600013732910156e+01
1.526200008392333984e+01 6.552300262451171875e+01 -1.265600013732910156e+01
1.490699958801269531e+01 6.659200286865234375e+01 -1.231400012969970703e+01
1.543999958038330078e+01 6.712599945068359375e+01 -1.248499965667724609e+01
1.508500003814697266e+01 6.997499847412109375e+01 -1.009000015258789062e+01
1.419699954986572266e+01 7.086499786376953125e+01 -1.060299968719482422e+01
1.419699954986572266e+01 7.086499786376953125e+01 -1.060299968719482422e+01
1.277799987792968750e+01 7.335800170898437500e+01 -8.892999649047851562e+00
1.135799980163574219e+01 7.157700347900390625e+01 -3.420000076293945312e+00
9.583000183105468750e+00 6.801599884033203125e+01 1.710000038146972656e+00
9.937999725341796875e+00 6.516699981689453125e+01 1.060299968719482422e+01
9.937999725341796875e+00 6.516699981689453125e+01 1.060299968719482422e+01
1.029300022125244141e+01 6.374300003051757812e+01 1.744400024414062500e+01
1.189000034332275391e+01 6.392100143432617188e+01 2.377199935913085938e+01
1.561699962615966797e+01 6.374300003051757812e+01 3.249499893188476562e+01
1.952099990844726562e+01 7.015299987792968750e+01 3.899300003051757812e+01
1.952099990844726562e+01 7.015299987792968750e+01 3.899300003051757812e+01
2.342600059509277344e+01 8.154799652099609375e+01 4.549200057983398438e+01
3.123399925231933594e+01 9.828500366210937500e+01 4.686100006103515625e+01
4.206000137329101562e+01 1.119950027465820312e+02 4.190100097656250000e+01
5.040100097656250000e+01 1.171589965820312500e+02 3.728300094604492188e+01
5.040100097656250000e+01 1.171589965820312500e+02 3.728300094604492188e+01
5.696699905395507812e+01 1.223219985961914062e+02 3.198200035095214844e+01
6.601799774169921875e+01 1.249929962158203125e+02 2.154899978637695312e+01
7.134200286865234375e+01 1.260609970092773438e+02 1.470800018310546875e+01
7.400399780273437500e+01 1.258830032348632812e+02 9.748000144958496094e+00
7.400399780273437500e+01 1.258830032348632812e+02 9.748000144958496094e+00
7.808499908447265625e+01 1.246370010375976562e+02 2.736000061035156250e+00
7.719799804687500000e+01 1.233899993896484375e+02 -4.618000030517578125e+00
7.684300231933593750e+01 1.219660034179687500e+02 -8.380000114440917969e+00
7.435900115966796875e+01 1.219660034179687500e+02 -1.556299972534179688e+01
7.435900115966796875e+01 1.219660034179687500e+02 -1.556299972534179688e+01
6.938999938964843750e+01 1.201849975585937500e+02 -1.727300071716308594e+01
6.512999725341796875e+01 1.208980026245117188e+02 -2.103599929809570312e+01
6.353300094604492188e+01 1.175149993896484375e+02 -2.428499984741210938e+01
6.566300201416015625e+01 1.089680023193359375e+02 -3.249499893188476562e+01
6.566300201416015625e+01 1.089680023193359375e+02 -3.249499893188476562e+01
6.779199981689453125e+01 1.014899978637695312e+02 -3.591500091552734375e+01
6.690499877929687500e+01 9.597000122070312500e+01 -3.677000045776367188e+01
6.938999938964843750e+01 9.098500061035156250e+01 -3.882199859619140625e+01
7.418099975585937500e+01 8.653399658203125000e+01 -3.796699905395507812e+01
7.418099975585937500e+01 8.653399658203125000e+01 -3.796699905395507812e+01
